2 0.588281 0.333594 0.160938 0.317188
2 0.430078 0.345313 0.163281 0.331250
2 0.714453 0.349219 0.097656 0.270313
2 0.291797 0.375781 0.105469 0.295312
2 0.791797 0.389453 0.067969 0.257031
2 0.839844 0.417578 0.035937 0.197656
2 0.202344 0.435156 0.079687 0.329688
2 0.146484 0.489063 0.055469 0.196875
2 0.671875 0.583203 0.106250 0.207031
2 0.569531 0.591406 0.104688 0.223438
2 0.760156 0.597266 0.085938 0.250781
1 0.810937 0.598047 0.087500 0.192969
2 0.356250 0.613281 0.103125 0.223438
2 0.461719 0.626172 0.107813 0.267969
2 0.264453 0.638672 0.091406 0.230469
2 0.188672 0.659766 0.077344 0.147656
