1 0.883594 0.642188 0.092188 0.134375
1 0.157812 0.667969 0.128125 0.173437
1 0.800781 0.745313 0.101562 0.231250
1 0.204687 0.791406 0.118750 0.248438
2 0.692578 0.815625 0.116406 0.259375
1 0.326953 0.819922 0.110156 0.233594
2 0.571094 0.843750 0.135937 0.243750
2 0.444141 0.851172 0.119531 0.233594
1 0.875000 0.444531 0.134375 0.257812
1 0.752344 0.443359 0.126562 0.233594
1 0.607031 0.453516 0.173437 0.288281
1 0.383203 0.464062 0.210156 0.296875
2 0.118359 0.467969 0.127344 0.257812
1 0.035156 0.471875 0.064062 0.128125
1 0.237500 0.483984 0.121875 0.189844
