1 0.815625 0.561719 0.075000 0.110937
1 0.074219 0.562109 0.067187 0.133594
1 0.125391 0.591797 0.075781 0.152344
1 0.765625 0.590625 0.075000 0.137500
1 0.167187 0.614062 0.078125 0.171875
1 0.715234 0.619531 0.077344 0.129688
1 0.230859 0.617578 0.083594 0.169531
1 0.306250 0.623047 0.103125 0.158594
1 0.571094 0.626172 0.101562 0.133594
1 0.652344 0.626563 0.095312 0.153125
1 0.481250 0.638281 0.103125 0.132812
1 0.390234 0.638281 0.096094 0.145313
1 0.039453 0.398047 0.035156 0.142969
1 0.168359 0.399609 0.089844 0.277344
1 0.116797 0.412891 0.058594 0.216406
1 0.262109 0.411719 0.108594 0.279687
1 0.080078 0.415234 0.057031 0.189844
1 0.741797 0.416016 0.102344 0.278906
1 0.655078 0.434766 0.125781 0.272656
1 0.792969 0.435937 0.073438 0.231250
1 0.532422 0.441016 0.161719 0.316406
1 0.386719 0.449219 0.154688 0.332813
