1 0.341797 0.473828 0.111719 0.103906
1 0.509766 0.478906 0.116406 0.104688
1 0.868359 0.493359 0.180469 0.108594
1 0.728516 0.503516 0.110156 0.119531
1 0.633594 0.512500 0.085938 0.103125
1 0.858984 0.588281 0.171094 0.117188
1 0.353125 0.305078 0.115625 0.119531
1 0.173437 0.328516 0.096875 0.147656
1 0.476172 0.331641 0.130469 0.103906
1 0.842969 0.367969 0.117188 0.167187
1 0.044531 0.383203 0.089063 0.128906
1 0.621094 0.389844 0.192188 0.123438
1 0.705469 0.399609 0.157812 0.136719
1 0.132031 0.406641 0.160938 0.166406
1 0.227734 0.407422 0.114844 0.177344
