1 0.823828 0.702344 0.088281 0.307812
1 0.725391 0.712500 0.116406 0.381250
1 0.422656 0.716797 0.092188 0.449219
1 0.615625 0.722266 0.106250 0.485156
1 0.511719 0.731641 0.117188 0.463281
1 0.252734 0.227734 0.077344 0.333594
1 0.156641 0.232422 0.116406 0.258594
1 0.103906 0.273828 0.101562 0.313281
1 0.340234 0.278906 0.117969 0.407813
1 0.462500 0.309766 0.146875 0.400781
1 0.731250 0.325781 0.106250 0.295312
1 0.600781 0.330859 0.145313 0.346094
1 0.822266 0.367188 0.078906 0.225000
1 0.897656 0.404297 0.079687 0.261719
1 0.950000 0.421094 0.065625 0.251563
1 0.066406 0.565234 0.114062 0.252344
1 0.243359 0.590234 0.092969 0.414844
1 0.147656 0.645703 0.092188 0.441406
1 0.337500 0.650781 0.093750 0.342187
