2 0.067187 0.307812 0.134375 0.215625
1 0.918750 0.337500 0.156250 0.200000
2 0.076953 0.479687 0.132031 0.134375
1 0.846875 0.515234 0.168750 0.221094
2 0.100000 0.627344 0.131250 0.148438
1 0.761328 0.658984 0.125781 0.167969
1 0.688281 0.764453 0.123438 0.166406
2 0.133203 0.769922 0.119531 0.146094
2 0.210156 0.869141 0.089063 0.122656
2 0.585156 0.884375 0.107813 0.125000
2 0.295312 0.912891 0.093750 0.103906
2 0.476953 0.938281 0.088281 0.120313
2 0.388281 0.947266 0.095312 0.100781
1 0.066797 0.111328 0.130469 0.191406
