2 0.312109 0.350391 0.030469 0.066406
2 0.707031 0.371484 0.026562 0.055469
2 0.329688 0.375000 0.031250 0.071875
2 0.687500 0.382812 0.031250 0.075000
2 0.348047 0.393359 0.030469 0.099219
2 0.378516 0.394922 0.053906 0.108594
2 0.664062 0.395313 0.034375 0.084375
2 0.641406 0.403906 0.048438 0.120313
2 0.419531 0.409375 0.060937 0.125000
2 0.598437 0.414453 0.056250 0.128906
2 0.477734 0.423438 0.077344 0.134375
2 0.541406 0.432031 0.079687 0.135937
2 0.332422 0.434766 0.030469 0.063281
2 0.356250 0.460938 0.040625 0.056250
2 0.655859 0.477344 0.042969 0.095312
2 0.376172 0.485938 0.049219 0.065625
2 0.633984 0.496875 0.036719 0.071875
2 0.405078 0.509375 0.047656 0.075000
2 0.607422 0.512109 0.036719 0.086719
2 0.571875 0.528906 0.059375 0.076563
2 0.444141 0.530859 0.050781 0.071094
2 0.487109 0.536328 0.049219 0.078906
2 0.530078 0.538672 0.057031 0.074219
