1 0.947656 0.403906 0.104688 0.345313
2 0.785547 0.418359 0.224219 0.474219
1 0.526563 0.418750 0.228125 0.503125
1 0.149219 0.428125 0.207813 0.431250
1 0.331641 0.427344 0.169531 0.373437
1 0.031250 0.524219 0.062500 0.248438
2 0.617969 0.633984 0.117188 0.380469
2 0.878516 0.668359 0.103906 0.230469
1 0.966016 0.690625 0.066406 0.253125
2 0.050000 0.692187 0.100000 0.312500
2 0.464453 0.715234 0.141406 0.267969
2 0.741406 0.723437 0.132812 0.237500
2 0.164453 0.734766 0.141406 0.316406
2 0.310156 0.742578 0.154688 0.375781
