2 0.807813 0.383203 0.050000 0.210156
2 0.761328 0.408203 0.091406 0.191406
2 0.698438 0.467187 0.131250 0.228125
2 0.823047 0.505469 0.058594 0.073438
2 0.777734 0.532031 0.061719 0.123438
2 0.610938 0.555078 0.143750 0.219531
2 0.750391 0.587109 0.066406 0.108594
2 0.696484 0.617969 0.077344 0.117188
2 0.524609 0.634375 0.099219 0.196875
2 0.642969 0.669922 0.092188 0.130469
2 0.446484 0.675391 0.086719 0.219531
2 0.579297 0.723047 0.080469 0.114844
2 0.392969 0.753125 0.076563 0.156250
2 0.529297 0.769531 0.071094 0.123438
2 0.348438 0.776172 0.087500 0.152344
2 0.472656 0.813672 0.070312 0.092969
