2 0.456250 0.650000 0.112500 0.346875
2 0.719922 0.726953 0.121094 0.250781
2 0.308594 0.746875 0.135937 0.184375
2 0.044531 0.746484 0.089063 0.302344
2 0.591797 0.760938 0.117969 0.162500
1 0.837109 0.762891 0.102344 0.369531
1 0.946875 0.763672 0.106250 0.349219
2 0.163281 0.763672 0.151562 0.302344
1 0.361328 0.444922 0.228906 0.483594
2 0.621875 0.453125 0.221875 0.465625
1 0.170703 0.455078 0.153906 0.363281
1 0.939844 0.456250 0.120313 0.493750
1 0.044141 0.464844 0.088281 0.379688
1 0.802734 0.467578 0.139844 0.328906
