2 0.067187 0.482812 0.134375 0.140625
1 0.840234 0.520703 0.177344 0.222656
2 0.093750 0.633984 0.137500 0.142969
1 0.773047 0.666406 0.133594 0.148438
1 0.686328 0.787109 0.141406 0.180469
2 0.116406 0.786328 0.132812 0.138281
1 0.065625 0.092969 0.131250 0.176563
2 0.199219 0.884375 0.092188 0.125000
2 0.582031 0.904687 0.129688 0.134375
2 0.295312 0.931250 0.103125 0.103125
2 0.473438 0.948828 0.103125 0.100781
2 0.385547 0.951562 0.102344 0.093750
2 0.057813 0.296094 0.115625 0.198437
1 0.917188 0.332031 0.165625 0.201563
