1 0.116797 0.592578 0.096094 0.191406
1 0.889453 0.620313 0.094531 0.175000
1 0.447656 0.643750 0.114062 0.212500
1 0.215234 0.647656 0.121094 0.242188
1 0.686328 0.648047 0.113281 0.289844
1 0.329688 0.647656 0.112500 0.276562
1 0.564063 0.657813 0.121875 0.206250
1 0.800000 0.660547 0.118750 0.267969
1 0.399219 0.365625 0.182812 0.359375
1 0.240625 0.377344 0.131250 0.292187
1 0.585547 0.379688 0.183594 0.343750
1 0.120703 0.387109 0.103906 0.255469
1 0.016797 0.394531 0.027344 0.164062
1 0.875781 0.398438 0.114062 0.287500
1 0.049609 0.399219 0.052344 0.185938
1 0.746875 0.400391 0.131250 0.269531
1 0.966016 0.413281 0.053906 0.223438
1 0.041016 0.555469 0.069531 0.139063
1 0.954688 0.565625 0.059375 0.112500
