2 0.722656 0.833984 0.123438 0.330469
2 0.605469 0.860938 0.126562 0.278125
2 0.218359 0.864453 0.111719 0.269531
2 0.480469 0.867969 0.123438 0.264062
2 0.348828 0.875781 0.144531 0.248438
2 0.832422 0.887500 0.111719 0.225000
2 0.907031 0.954688 0.060937 0.087500
1 0.599609 0.235547 0.199219 0.336719
1 0.076563 0.351562 0.106250 0.415625
1 0.866797 0.358984 0.096094 0.358594
1 0.209375 0.368359 0.128125 0.480469
1 0.950000 0.383203 0.100000 0.541406
1 0.769141 0.392969 0.138281 0.454688
1 0.383203 0.396484 0.222656 0.717969
1 0.026562 0.428906 0.053125 0.360938
