2 0.625000 0.367578 0.050000 0.069531
2 0.415625 0.369141 0.037500 0.050781
2 0.454297 0.374219 0.036719 0.057813
2 0.654297 0.369922 0.049219 0.052344
2 0.571484 0.376172 0.064844 0.086719
2 0.509766 0.382031 0.066406 0.085938
2 0.403125 0.457422 0.028125 0.052344
2 0.642578 0.459766 0.041406 0.044531
2 0.435156 0.471094 0.039062 0.057813
2 0.614453 0.485547 0.035156 0.052344
2 0.467187 0.489453 0.046875 0.038281
2 0.547266 0.498437 0.038281 0.056250
2 0.510938 0.500000 0.046875 0.050000
2 0.582422 0.503906 0.046094 0.057813
