1 0.237500 0.623437 0.090625 0.103125
2 0.714453 0.643750 0.072656 0.078125
2 0.680859 0.665625 0.077344 0.065625
1 0.310937 0.664453 0.081250 0.097656
2 0.607422 0.675000 0.074219 0.084375
1 0.393359 0.680859 0.071094 0.077344
2 0.538281 0.693750 0.064062 0.068750
1 0.458594 0.691016 0.073438 0.063281
2 0.566016 0.389062 0.113281 0.228125
2 0.661719 0.391016 0.079687 0.210156
1 0.331641 0.390625 0.078906 0.209375
1 0.435156 0.398438 0.120313 0.234375
1 0.275000 0.416406 0.087500 0.204687
2 0.735938 0.422266 0.071875 0.197656
2 0.796875 0.435156 0.062500 0.176563
2 0.842578 0.440234 0.038281 0.142969
1 0.219922 0.444531 0.064844 0.173437
1 0.169922 0.441406 0.042969 0.123438
