2 0.887109 0.717187 0.130469 0.350000
2 0.977344 0.727344 0.045312 0.276562
2 0.766016 0.753125 0.132031 0.309375
2 0.613672 0.783984 0.192969 0.380469
2 0.420312 0.806250 0.200000 0.350000
2 0.134766 0.817187 0.147656 0.331250
2 0.261328 0.822656 0.119531 0.248438
2 0.047656 0.824609 0.079687 0.242969
2 0.973828 0.926562 0.047656 0.143750
2 0.936719 0.934375 0.079687 0.131250
2 0.846484 0.939453 0.117969 0.119531
2 0.064453 0.962891 0.091406 0.072656
2 0.731641 0.962891 0.125781 0.072656
2 0.162891 0.967969 0.097656 0.060937
2 0.270313 0.967969 0.100000 0.060937
1 0.879687 0.246875 0.109375 0.325000
1 0.762500 0.246094 0.118750 0.282813
1 0.957031 0.252734 0.073438 0.246094
1 0.605859 0.273828 0.192969 0.360156
1 0.242188 0.285156 0.134375 0.257812
1 0.110547 0.289062 0.136719 0.337500
1 0.411328 0.293359 0.197656 0.327344
2 0.028906 0.314063 0.057813 0.209375
2 0.951953 0.428125 0.072656 0.146875
2 0.895312 0.442578 0.078125 0.113281
2 0.806250 0.451172 0.112500 0.111719
2 0.103125 0.448047 0.112500 0.105469
2 0.223438 0.448047 0.128125 0.105469
2 0.022656 0.460547 0.045312 0.099219
2 0.691797 0.464453 0.127344 0.063281
2 0.347656 0.464453 0.123438 0.075781
2 0.464844 0.483203 0.101562 0.050781
