1 0.609766 0.493359 0.050781 0.030469
1 0.562109 0.501172 0.074219 0.058594
1 0.492578 0.502344 0.069531 0.054688
1 0.441016 0.501953 0.057031 0.053906
1 0.652344 0.508594 0.064062 0.067187
1 0.390234 0.520703 0.067969 0.066406
2 0.628516 0.535937 0.047656 0.043750
2 0.591797 0.536328 0.052344 0.050781
2 0.550000 0.540234 0.053125 0.042969
2 0.508594 0.541406 0.042188 0.042188
1 0.661719 0.541406 0.035937 0.023438
2 0.465625 0.542969 0.046875 0.048438
2 0.420312 0.547266 0.056250 0.044531
2 0.366406 0.563281 0.042188 0.035937
