1 0.150391 0.571875 0.160156 0.159375
1 0.833594 0.706250 0.173437 0.171875
1 0.896875 0.871484 0.106250 0.127344
1 0.801562 0.908203 0.109375 0.150781
1 0.236328 0.910547 0.113281 0.177344
1 0.680078 0.912109 0.132031 0.171094
1 0.153125 0.923047 0.078125 0.139844
2 0.459766 0.930859 0.128906 0.136719
2 0.342578 0.930859 0.113281 0.136719
1 0.554688 0.181641 0.178125 0.178906
1 0.377344 0.187891 0.151562 0.203906
1 0.262891 0.246094 0.128906 0.167187
1 0.684375 0.244141 0.125000 0.153906
1 0.771875 0.332422 0.112500 0.136719
1 0.183594 0.374609 0.148438 0.211719
