1 0.921094 0.231250 0.145313 0.134375
1 0.091016 0.245703 0.172656 0.116406
1 0.137891 0.323437 0.107031 0.131250
1 0.857812 0.325000 0.090625 0.128125
1 0.184375 0.337500 0.084375 0.153125
1 0.767969 0.342187 0.098437 0.140625
1 0.664062 0.348047 0.109375 0.142969
1 0.566797 0.357422 0.099219 0.061719
1 0.371484 0.368750 0.108594 0.143750
1 0.271484 0.370703 0.099219 0.169531
1 0.475391 0.375391 0.094531 0.128906
1 0.969531 0.050781 0.054688 0.101562
1 0.024219 0.056250 0.048438 0.112500
1 0.919531 0.064062 0.070312 0.128125
1 0.067187 0.065625 0.081250 0.131250
1 0.842187 0.069531 0.106250 0.139063
2 0.034375 0.703906 0.068750 0.192188
2 0.128516 0.709375 0.125781 0.221875
2 0.969531 0.711719 0.060937 0.189062
2 0.257031 0.728516 0.126562 0.200781
2 0.893750 0.729297 0.106250 0.221094
2 0.769531 0.736719 0.145313 0.210938
1 0.585938 0.075000 0.131250 0.093750
1 0.732812 0.075000 0.125000 0.112500
2 0.613281 0.742969 0.182812 0.229687
2 0.423438 0.753125 0.187500 0.228125
1 0.260937 0.082812 0.109375 0.093750
1 0.418750 0.084766 0.159375 0.163281
2 0.035547 0.865234 0.071094 0.136719
1 0.157812 0.087500 0.115625 0.128125
2 0.952344 0.869141 0.064062 0.147656
2 0.112891 0.880469 0.094531 0.120313
2 0.898828 0.883203 0.057031 0.110156
2 0.227344 0.887109 0.132812 0.196094
2 0.348828 0.894531 0.122656 0.157812
2 0.801562 0.896484 0.118750 0.171094
2 0.687891 0.902344 0.125781 0.145313
2 0.467187 0.908594 0.106250 0.129688
2 0.575000 0.913672 0.093750 0.121094
