1 0.885547 0.647656 0.105469 0.176563
2 0.039453 0.664062 0.072656 0.121875
2 0.132422 0.703906 0.133594 0.189062
2 0.705078 0.713672 0.144531 0.252344
1 0.836328 0.718750 0.122656 0.209375
2 0.464062 0.723828 0.106250 0.197656
2 0.237500 0.725000 0.131250 0.178125
2 0.588672 0.730078 0.136719 0.166406
2 0.354297 0.735547 0.121094 0.167969
1 0.732422 0.451562 0.105469 0.228125
1 0.588672 0.461719 0.174219 0.326562
1 0.817969 0.463281 0.092188 0.285938
1 0.375391 0.473438 0.182031 0.337500
1 0.223047 0.492578 0.133594 0.257031
1 0.106250 0.512500 0.115625 0.231250
