2 0.716406 0.406250 0.098437 0.303125
1 0.785937 0.408203 0.062500 0.310156
2 0.330469 0.416406 0.129688 0.295312
2 0.855078 0.419531 0.016406 0.139063
2 0.831641 0.424609 0.032031 0.205469
1 0.242188 0.429688 0.087500 0.306250
2 0.467578 0.432812 0.150781 0.331250
2 0.602734 0.435547 0.142969 0.324219
2 0.140234 0.438672 0.049219 0.199219
2 0.176172 0.439453 0.049219 0.257031
2 0.822656 0.558203 0.029687 0.085156
2 0.781641 0.596484 0.047656 0.114844
2 0.322656 0.629297 0.082812 0.174219
2 0.739062 0.642969 0.068750 0.207813
2 0.405859 0.644922 0.096094 0.183594
2 0.669922 0.650391 0.086719 0.197656
2 0.494531 0.659375 0.101562 0.156250
2 0.587500 0.666406 0.090625 0.160938
