1 0.161328 0.549609 0.091406 0.192969
1 0.973828 0.551562 0.050781 0.131250
2 0.910156 0.562891 0.089063 0.132031
1 0.851953 0.575781 0.088281 0.189062
2 0.639453 0.578125 0.107031 0.246875
1 0.253516 0.580469 0.113281 0.210938
2 0.540234 0.581250 0.092969 0.234375
2 0.451172 0.587500 0.096094 0.234375
1 0.749609 0.586328 0.124219 0.266406
2 0.354297 0.597266 0.089844 0.253906
2 0.399219 0.354687 0.164062 0.303125
2 0.555469 0.359766 0.170313 0.282031
1 0.183203 0.366406 0.097656 0.251563
2 0.691016 0.366797 0.132031 0.242969
2 0.273828 0.373437 0.110156 0.265625
2 0.075000 0.376172 0.046875 0.183594
1 0.806250 0.378906 0.121875 0.242188
2 0.035937 0.380859 0.050000 0.171094
2 0.117578 0.389062 0.075781 0.187500
1 0.900000 0.397656 0.084375 0.204687
2 0.958984 0.406250 0.061719 0.187500
2 0.048047 0.528516 0.080469 0.138281
2 0.104688 0.545312 0.056250 0.137500
