1 0.446484 0.457031 0.099219 0.260937
1 0.551953 0.481250 0.116406 0.246875
1 0.326172 0.484766 0.139844 0.260156
1 0.849219 0.485938 0.057813 0.096875
1 0.663672 0.486719 0.114844 0.179688
1 0.763672 0.493750 0.114844 0.187500
1 0.221094 0.502344 0.082812 0.239063
2 0.170313 0.524219 0.043750 0.223438
1 0.691016 0.580859 0.094531 0.080469
2 0.593750 0.585938 0.109375 0.106250
2 0.475781 0.591406 0.114062 0.114062
2 0.389062 0.612109 0.075000 0.080469
2 0.257422 0.624609 0.071094 0.114844
2 0.318359 0.637500 0.061719 0.065625
2 0.208203 0.660937 0.047656 0.087500
