2 0.757812 0.401172 0.034375 0.083594
2 0.227344 0.410938 0.023438 0.121875
2 0.730469 0.413281 0.048438 0.110937
2 0.615625 0.424219 0.084375 0.164062
2 0.247266 0.432031 0.035156 0.154688
2 0.681250 0.431250 0.065625 0.165625
2 0.340625 0.432812 0.081250 0.181250
2 0.285547 0.433984 0.061719 0.171094
2 0.528516 0.435156 0.119531 0.182812
2 0.420703 0.436719 0.113281 0.173437
2 0.263672 0.569922 0.042969 0.074219
2 0.291797 0.587109 0.046094 0.099219
2 0.678516 0.596875 0.047656 0.062500
2 0.329688 0.615625 0.056250 0.103125
2 0.632031 0.620313 0.057813 0.100000
2 0.570703 0.630859 0.075781 0.117969
2 0.384766 0.632812 0.072656 0.103125
2 0.448437 0.633984 0.071875 0.121094
2 0.507422 0.637500 0.071094 0.112500
