1 0.931250 0.700391 0.096875 0.222656
2 0.039844 0.708203 0.079687 0.228906
2 0.669141 0.714063 0.119531 0.231250
2 0.877344 0.721875 0.129688 0.256250
2 0.092578 0.721094 0.135156 0.285938
2 0.326172 0.737109 0.121094 0.236719
2 0.788672 0.754687 0.136719 0.321875
2 0.568750 0.763281 0.131250 0.260937
2 0.446484 0.777734 0.121094 0.283594
2 0.201953 0.782422 0.135156 0.383594
2 0.779297 0.274219 0.146094 0.292187
2 0.411328 0.287500 0.213281 0.293750
2 0.615625 0.291406 0.196875 0.282813
2 0.230078 0.293359 0.157031 0.271094
2 0.909375 0.294922 0.125000 0.342969
2 0.091797 0.300391 0.127344 0.335156
2 0.032031 0.351953 0.064062 0.275781
