2 0.303906 0.291797 0.020313 0.083594
2 0.321094 0.305078 0.023438 0.097656
2 0.351562 0.312500 0.034375 0.112500
2 0.687500 0.317969 0.025000 0.076563
2 0.667188 0.319922 0.031250 0.077344
2 0.641406 0.321875 0.042188 0.103125
2 0.456250 0.330469 0.075000 0.148438
2 0.598437 0.330859 0.046875 0.124219
2 0.394141 0.331641 0.047656 0.113281
2 0.535547 0.333594 0.083594 0.139063
2 0.352734 0.385937 0.030469 0.050000
2 0.673828 0.390625 0.044531 0.090625
2 0.642578 0.396875 0.044531 0.103125
2 0.390625 0.401953 0.037500 0.060156
2 0.435937 0.410938 0.050000 0.059375
2 0.478906 0.416016 0.042188 0.069531
2 0.568750 0.417969 0.046875 0.064062
2 0.606641 0.419531 0.038281 0.060937
2 0.525000 0.423047 0.053125 0.055469
