2 0.819141 0.348047 0.035156 0.174219
1 0.773828 0.364063 0.063281 0.234375
2 0.703125 0.395313 0.096875 0.234375
1 0.189453 0.395313 0.053906 0.175000
1 0.587109 0.410547 0.139844 0.311719
1 0.244922 0.423047 0.064844 0.214844
1 0.447266 0.423438 0.147656 0.281250
1 0.324609 0.429688 0.096094 0.240625
1 0.207813 0.533203 0.031250 0.063281
2 0.631641 0.566406 0.088281 0.079687
1 0.242578 0.568359 0.047656 0.083594
1 0.298438 0.578125 0.065625 0.096875
2 0.546094 0.601562 0.085938 0.106250
2 0.375391 0.603125 0.100781 0.115625
2 0.463672 0.605859 0.089844 0.108594
