1 0.975000 0.657813 0.050000 0.187500
1 0.936328 0.693359 0.094531 0.205469
2 0.041406 0.706641 0.082812 0.219531
2 0.674609 0.711328 0.111719 0.228906
1 0.098047 0.711328 0.130469 0.272656
2 0.882031 0.721094 0.117188 0.248438
2 0.784375 0.737500 0.128125 0.290625
2 0.330859 0.738672 0.114844 0.217969
2 0.565234 0.766406 0.114844 0.260937
1 0.207813 0.769922 0.140625 0.358594
2 0.448828 0.775781 0.113281 0.267188
2 0.775391 0.275391 0.141406 0.319531
2 0.619922 0.277344 0.189844 0.310937
2 0.228516 0.288281 0.147656 0.267188
2 0.410547 0.288281 0.202344 0.289062
2 0.903906 0.294141 0.107813 0.366406
2 0.088672 0.299219 0.111719 0.354687
2 0.978906 0.351562 0.035937 0.271875
2 0.024219 0.364063 0.048438 0.231250
