2 0.211719 0.533594 0.051562 0.132812
2 0.270313 0.566797 0.065625 0.133594
2 0.740625 0.570312 0.053125 0.125000
2 0.351562 0.592969 0.087500 0.154688
2 0.684766 0.593750 0.060156 0.118750
2 0.437891 0.611328 0.082031 0.141406
2 0.526563 0.615625 0.090625 0.146875
2 0.612500 0.617188 0.081250 0.118750
2 0.239063 0.352344 0.087500 0.185938
2 0.780859 0.370703 0.077344 0.203906
2 0.330859 0.399609 0.089844 0.149219
2 0.710156 0.405078 0.073438 0.150781
2 0.442969 0.431641 0.132812 0.225781
2 0.593750 0.432812 0.146875 0.240625
