2 0.436719 0.446875 0.098437 0.128125
2 0.719531 0.450781 0.042188 0.064062
2 0.378906 0.467578 0.082812 0.110156
2 0.691016 0.473438 0.057031 0.065625
2 0.667188 0.504687 0.071875 0.075000
2 0.330859 0.505469 0.074219 0.095312
2 0.635938 0.520703 0.062500 0.082031
2 0.307812 0.522266 0.071875 0.075781
2 0.597656 0.539453 0.073438 0.085156
2 0.280078 0.545312 0.063281 0.068750
2 0.251953 0.555078 0.050781 0.060156
2 0.552344 0.563281 0.054688 0.095312
2 0.507422 0.583594 0.064844 0.082812
2 0.463281 0.596875 0.073438 0.081250
2 0.422656 0.613281 0.060937 0.070312
2 0.378906 0.615625 0.045312 0.075000
2 0.342578 0.619531 0.044531 0.054688
2 0.705859 0.346484 0.042969 0.096094
2 0.676172 0.355859 0.036719 0.089844
2 0.650391 0.361328 0.047656 0.110156
2 0.609766 0.375391 0.053906 0.110156
2 0.562891 0.387109 0.075781 0.108594
2 0.503906 0.423438 0.101562 0.125000
