2 0.673438 0.511719 0.059375 0.123438
2 0.751172 0.516016 0.058594 0.082031
2 0.708203 0.521094 0.050781 0.120313
2 0.292969 0.524219 0.051562 0.117188
2 0.248828 0.528906 0.041406 0.117188
2 0.719922 0.531250 0.036719 0.112500
2 0.658984 0.654687 0.046094 0.056250
2 0.323828 0.656641 0.060156 0.060156
2 0.374219 0.658203 0.057813 0.094531
2 0.560547 0.657813 0.061719 0.093750
2 0.512109 0.661719 0.067969 0.139063
2 0.614062 0.664844 0.059375 0.085938
2 0.415234 0.663672 0.055469 0.105469
2 0.462500 0.672656 0.062500 0.110937
2 0.376563 0.491797 0.068750 0.133594
2 0.541016 0.493750 0.094531 0.146875
2 0.451953 0.493750 0.094531 0.146875
2 0.620703 0.499219 0.063281 0.129688
2 0.320703 0.503906 0.069531 0.107813
