2 0.990234 0.430469 0.017969 0.060937
2 0.712109 0.437891 0.036719 0.088281
2 0.973047 0.444531 0.033594 0.079687
2 0.755859 0.448437 0.036719 0.096875
2 0.733984 0.448047 0.021094 0.086719
2 0.951953 0.446875 0.041406 0.096875
2 0.917188 0.450000 0.043750 0.100000
2 0.785937 0.452734 0.037500 0.086719
2 0.826172 0.453906 0.058594 0.098437
2 0.878125 0.453906 0.053125 0.098437
2 0.938672 0.498828 0.036719 0.025781
2 0.782422 0.503125 0.046094 0.034375
2 0.910156 0.506641 0.029687 0.028906
2 0.848047 0.510156 0.036719 0.035937
2 0.817187 0.511328 0.034375 0.028906
2 0.881250 0.514062 0.037500 0.034375
