1 0.019531 0.057031 0.039062 0.114062
1 0.919922 0.060156 0.061719 0.120313
1 0.070703 0.066016 0.078906 0.132031
1 0.843750 0.069141 0.100000 0.138281
2 0.031250 0.701953 0.062500 0.191406
2 0.973047 0.715625 0.052344 0.206250
2 0.125000 0.718750 0.125000 0.225000
1 0.165234 0.073438 0.114844 0.146875
1 0.734766 0.073438 0.119531 0.115625
1 0.591797 0.073828 0.133594 0.094531
2 0.892969 0.728125 0.114062 0.221875
2 0.257422 0.730859 0.130469 0.196094
2 0.769922 0.736719 0.136719 0.198437
2 0.422266 0.744922 0.185156 0.224219
2 0.612500 0.746875 0.175000 0.228125
1 0.258594 0.078125 0.110937 0.093750
2 0.032813 0.856250 0.065625 0.128125
2 0.955859 0.870313 0.058594 0.125000
2 0.110937 0.873437 0.090625 0.118750
1 0.415625 0.091016 0.156250 0.150781
2 0.346484 0.892578 0.117969 0.147656
2 0.892969 0.894141 0.067187 0.110156
2 0.217969 0.894922 0.129688 0.161719
2 0.805078 0.902344 0.107031 0.145313
2 0.574609 0.909766 0.092969 0.119531
2 0.465234 0.909766 0.096094 0.119531
2 0.688281 0.909375 0.110937 0.128125
1 0.917969 0.233594 0.142187 0.123438
1 0.082422 0.250391 0.158594 0.128906
1 0.857031 0.314844 0.089063 0.101562
1 0.127734 0.316797 0.102344 0.114844
1 0.185156 0.346094 0.092188 0.151562
1 0.769141 0.353906 0.097656 0.157812
1 0.666016 0.353906 0.107031 0.135937
1 0.271875 0.371094 0.100000 0.170313
1 0.568750 0.372656 0.093750 0.101562
1 0.472656 0.373828 0.092188 0.125781
1 0.372266 0.376563 0.100781 0.140625
1 0.966406 0.051562 0.064062 0.103125
