1 0.914453 0.557031 0.041406 0.173437
1 0.048828 0.558594 0.091406 0.167187
2 0.876563 0.585547 0.059375 0.230469
1 0.815625 0.603125 0.075000 0.234375
1 0.152734 0.606641 0.105469 0.213281
1 0.536719 0.612109 0.098437 0.192969
1 0.432031 0.630078 0.107813 0.269531
1 0.640625 0.633594 0.100000 0.145313
1 0.731641 0.636719 0.088281 0.192188
1 0.246484 0.637500 0.086719 0.212500
1 0.330859 0.642578 0.099219 0.225781
1 0.905469 0.345703 0.048438 0.288281
1 0.858594 0.346875 0.054688 0.268750
1 0.766016 0.398828 0.138281 0.303906
1 0.469141 0.400391 0.125781 0.266406
1 0.019531 0.403125 0.039062 0.109375
1 0.350391 0.406641 0.107031 0.297656
1 0.615234 0.411328 0.161719 0.297656
1 0.085938 0.417969 0.090625 0.189062
1 0.256641 0.432422 0.088281 0.239844
1 0.175781 0.435937 0.082812 0.184375
