1 0.608594 0.491016 0.032813 0.047656
1 0.555469 0.495703 0.051562 0.057031
1 0.441406 0.498828 0.045312 0.063281
1 0.638672 0.497656 0.052344 0.051562
1 0.495703 0.498828 0.057031 0.063281
1 0.383984 0.526953 0.049219 0.066406
2 0.630078 0.537891 0.041406 0.044531
2 0.589844 0.539844 0.032813 0.048438
2 0.416797 0.544531 0.042969 0.048438
2 0.508984 0.548047 0.021094 0.046094
2 0.468359 0.545312 0.039844 0.050000
2 0.473828 0.547656 0.041406 0.054688
2 0.557031 0.550000 0.045312 0.050000
1 0.373437 0.553125 0.053125 0.037500
