2 0.538672 0.351562 0.152344 0.512500
2 0.394922 0.354687 0.130469 0.453125
2 0.240234 0.377734 0.174219 0.536719
1 0.106641 0.383984 0.132031 0.417969
2 0.674219 0.385156 0.123438 0.501563
2 0.871094 0.391406 0.082812 0.370312
2 0.781250 0.400000 0.090625 0.459375
2 0.034375 0.424609 0.062500 0.489844
2 0.704688 0.672266 0.109375 0.232031
2 0.452734 0.689063 0.142969 0.362500
2 0.593359 0.702344 0.139844 0.310937
2 0.323437 0.703906 0.121875 0.314063
2 0.085938 0.725000 0.053125 0.268750
2 0.138672 0.725781 0.074219 0.270313
2 0.038281 0.747656 0.035937 0.145313
2 0.215234 0.753906 0.089844 0.232813
