2 0.260156 0.400000 0.026562 0.115625
2 0.281250 0.417969 0.021875 0.135937
2 0.726172 0.417578 0.046094 0.103906
2 0.300391 0.437500 0.025781 0.146875
2 0.694531 0.442969 0.039062 0.157812
2 0.329688 0.455469 0.050000 0.192188
2 0.652734 0.460547 0.067969 0.180469
2 0.598828 0.482812 0.075781 0.178125
2 0.380078 0.485938 0.066406 0.156250
2 0.447266 0.505078 0.091406 0.166406
2 0.526953 0.508594 0.091406 0.160938
2 0.605469 0.576172 0.067187 0.049219
2 0.559375 0.605078 0.056250 0.060156
2 0.515234 0.614844 0.052344 0.045312
2 0.459375 0.619141 0.062500 0.060156
