1 0.388672 0.601953 0.086719 0.244531
1 0.476562 0.602344 0.075000 0.223438
1 0.163672 0.614453 0.055469 0.150781
1 0.309766 0.613281 0.075781 0.220312
1 0.251172 0.625000 0.049219 0.218750
1 0.206250 0.633203 0.059375 0.175781
1 0.601562 0.355078 0.078125 0.219531
1 0.496875 0.360156 0.128125 0.289062
1 0.728125 0.361719 0.059375 0.170313
1 0.677344 0.357422 0.070312 0.224219
1 0.375000 0.371875 0.112500 0.300000
1 0.283594 0.403906 0.082812 0.195312
1 0.216797 0.421094 0.074219 0.229687
1 0.185938 0.448047 0.053125 0.142969
1 0.753516 0.557422 0.072656 0.121094
1 0.689453 0.574609 0.085156 0.180469
1 0.636328 0.580859 0.075781 0.214844
1 0.569141 0.595313 0.075781 0.218750
