1 0.128516 0.297266 0.116406 0.491406
1 0.053516 0.339453 0.050781 0.313281
1 0.251563 0.342187 0.140625 0.428125
2 0.397266 0.409375 0.194531 0.459375
1 0.732812 0.413281 0.118750 0.442188
2 0.836719 0.421875 0.082812 0.418750
2 0.591406 0.424219 0.195312 0.470313
2 0.889844 0.467578 0.039062 0.316406
1 0.105469 0.569922 0.060937 0.167969
2 0.212891 0.622656 0.150781 0.351562
2 0.332813 0.682031 0.112500 0.301563
2 0.661328 0.705078 0.097656 0.253906
2 0.773828 0.731250 0.135156 0.356250
2 0.451953 0.733594 0.103906 0.254688
2 0.561719 0.747266 0.114062 0.235156
