1 0.798047 0.496094 0.139844 0.170313
1 0.298438 0.572656 0.100000 0.129688
1 0.765234 0.612500 0.108594 0.118750
1 0.307812 0.681250 0.106250 0.106250
2 0.704297 0.723437 0.099219 0.131250
2 0.325781 0.767188 0.101562 0.096875
2 0.657422 0.798047 0.099219 0.096094
2 0.366797 0.825391 0.061719 0.094531
2 0.579297 0.844922 0.096094 0.096094
2 0.430469 0.850391 0.079687 0.066406
2 0.632422 0.089844 0.114844 0.120313
2 0.499219 0.858984 0.085938 0.074219
2 0.497656 0.097266 0.154688 0.138281
2 0.344922 0.112891 0.155469 0.125781
