1 0.805859 0.324609 0.111719 0.208594
1 0.697266 0.334375 0.119531 0.259375
2 0.564844 0.362500 0.148438 0.271875
2 0.419141 0.371875 0.150781 0.250000
2 0.269531 0.410156 0.167187 0.260937
2 0.103125 0.412109 0.068750 0.208594
2 0.157812 0.418750 0.106250 0.243750
2 0.725781 0.482812 0.095312 0.106250
1 0.622266 0.547266 0.103906 0.157031
2 0.160156 0.594141 0.042188 0.157031
2 0.506641 0.607031 0.141406 0.214062
1 0.306250 0.624219 0.081250 0.207813
1 0.226172 0.623828 0.096094 0.194531
2 0.392969 0.627344 0.095312 0.232813
