2 0.962891 0.617969 0.072656 0.185938
2 0.037500 0.632031 0.075000 0.226562
2 0.925781 0.664062 0.104688 0.246875
2 0.102344 0.684375 0.154688 0.275000
1 0.239063 0.690234 0.143750 0.299219
2 0.759375 0.694531 0.121875 0.242188
2 0.860156 0.696484 0.104688 0.355469
2 0.376953 0.715234 0.157031 0.271094
2 0.516406 0.723047 0.129688 0.277344
2 0.646875 0.732031 0.150000 0.273438
2 0.023438 0.354297 0.046875 0.314844
1 0.086719 0.370703 0.129688 0.325781
2 0.914453 0.373047 0.135156 0.361719
2 0.221094 0.370703 0.173437 0.369531
2 0.405469 0.411328 0.226562 0.385156
2 0.783203 0.414453 0.163281 0.360156
2 0.611328 0.426563 0.241406 0.415625
