2 0.723828 0.575781 0.060156 0.139063
1 0.338281 0.590234 0.082812 0.180469
2 0.680469 0.595703 0.070312 0.144531
2 0.623437 0.599609 0.081250 0.199219
2 0.556250 0.610547 0.084375 0.199219
1 0.407813 0.615234 0.084375 0.183594
1 0.473047 0.614453 0.071094 0.194531
1 0.180859 0.385547 0.042969 0.127344
1 0.207813 0.413672 0.043750 0.171094
2 0.565625 0.421484 0.109375 0.233594
2 0.653516 0.425000 0.107031 0.215625
2 0.763672 0.427344 0.058594 0.185938
1 0.456250 0.427734 0.112500 0.258594
1 0.291797 0.431250 0.092969 0.218750
1 0.239844 0.437109 0.057813 0.208594
1 0.364453 0.440234 0.100781 0.224219
2 0.725000 0.439063 0.078125 0.212500
1 0.190625 0.501563 0.078125 0.093750
2 0.791406 0.523047 0.045312 0.080469
1 0.237891 0.555859 0.063281 0.111719
2 0.757812 0.564063 0.037500 0.093750
1 0.282422 0.566406 0.074219 0.132812
