1 0.427344 0.412500 0.132812 0.228125
1 0.552734 0.433203 0.133594 0.238281
1 0.305469 0.435547 0.098437 0.192969
1 0.207422 0.440625 0.099219 0.240625
1 0.675391 0.480469 0.107031 0.195312
1 0.764062 0.509766 0.090625 0.228906
1 0.142578 0.539844 0.066406 0.104688
1 0.840234 0.547656 0.074219 0.182812
2 0.302734 0.704297 0.089844 0.142969
2 0.380078 0.728906 0.082031 0.139063
2 0.462500 0.733984 0.090625 0.136719
2 0.544531 0.743359 0.089063 0.139844
2 0.708984 0.747656 0.077344 0.110937
2 0.626953 0.755859 0.091406 0.124219
