2 0.612891 0.209766 0.094531 0.128906
2 0.572656 0.287109 0.089063 0.130469
1 0.189453 0.292187 0.200781 0.262500
1 0.105078 0.425000 0.163281 0.209375
2 0.766016 0.060156 0.128906 0.120313
1 0.188672 0.715625 0.139844 0.184375
1 0.320312 0.735547 0.156250 0.221094
1 0.486328 0.756641 0.178906 0.222656
1 0.962109 0.779297 0.074219 0.196094
1 0.627734 0.787500 0.121094 0.193750
1 0.441406 0.081250 0.167187 0.162500
1 0.869141 0.805078 0.116406 0.244531
1 0.749609 0.805078 0.117969 0.188281
2 0.684375 0.144141 0.115625 0.175781
1 0.316406 0.165234 0.223438 0.305469
