1 0.121875 0.333594 0.056250 0.114062
1 0.823438 0.372656 0.090625 0.123438
1 0.172266 0.378906 0.053906 0.079687
1 0.248828 0.405469 0.060156 0.107813
1 0.327344 0.405469 0.092188 0.132812
1 0.424609 0.430078 0.108594 0.147656
1 0.559766 0.446094 0.100781 0.154688
1 0.655078 0.449609 0.078906 0.139844
1 0.733984 0.447656 0.071094 0.135937
1 0.158594 0.460938 0.129688 0.184375
1 0.817578 0.470313 0.097656 0.134375
2 0.268750 0.507812 0.087500 0.153125
2 0.351953 0.542969 0.066406 0.129688
2 0.508594 0.548828 0.054688 0.144531
2 0.587500 0.561719 0.059375 0.123438
2 0.428125 0.561719 0.065625 0.132812
2 0.668359 0.565234 0.061719 0.117969
