1 0.393750 0.285938 0.178125 0.484375
1 0.245703 0.304297 0.113281 0.386719
1 0.580078 0.335156 0.182031 0.451562
1 0.148047 0.337109 0.086719 0.380469
1 0.735547 0.347656 0.127344 0.392188
1 0.086719 0.358203 0.054688 0.303906
1 0.851953 0.368359 0.113281 0.386719
1 0.946875 0.427344 0.040625 0.242188
1 0.922656 0.432812 0.070312 0.321875
1 0.676172 0.575391 0.114844 0.310156
1 0.095703 0.606250 0.057031 0.171875
1 0.335938 0.617578 0.106250 0.372656
1 0.140625 0.626953 0.081250 0.219531
1 0.560547 0.640625 0.108594 0.250000
1 0.228906 0.646875 0.107813 0.340625
1 0.445312 0.664844 0.112500 0.435937
1 0.862109 0.671875 0.074219 0.253125
1 0.916406 0.673047 0.045312 0.264844
1 0.775391 0.739453 0.094531 0.403906
