2 0.759375 0.423438 0.153125 0.418750
2 0.390234 0.425391 0.217969 0.503906
1 0.244922 0.426953 0.136719 0.385156
2 0.596875 0.426953 0.221875 0.491406
1 0.138281 0.485938 0.098437 0.456250
2 0.952344 0.507031 0.039062 0.301563
2 0.923828 0.515625 0.063281 0.340625
2 0.088672 0.526953 0.058594 0.344531
2 0.939453 0.710938 0.041406 0.115625
1 0.782813 0.714844 0.118750 0.285938
2 0.151562 0.716406 0.084375 0.160938
2 0.675000 0.717969 0.112500 0.307812
2 0.916016 0.735547 0.050781 0.130469
1 0.231250 0.738281 0.118750 0.276562
2 0.453906 0.741016 0.123438 0.269531
2 0.873437 0.744141 0.093750 0.182031
2 0.558594 0.748047 0.132812 0.280469
1 0.343750 0.756250 0.112500 0.228125
