2 0.844922 0.730859 0.136719 0.264844
2 0.599609 0.733594 0.114844 0.214062
2 0.717969 0.734766 0.120313 0.241406
2 0.478516 0.739844 0.125781 0.226562
2 0.938672 0.742969 0.099219 0.179688
2 0.359375 0.753906 0.121875 0.232813
2 0.130078 0.760156 0.119531 0.173437
2 0.241406 0.767969 0.117188 0.251563
2 0.067969 0.785156 0.135937 0.201563
1 0.630469 0.353125 0.173437 0.203125
1 0.773438 0.359375 0.109375 0.215625
1 0.437500 0.373828 0.181250 0.200781
1 0.290625 0.405859 0.128125 0.202344
2 0.884375 0.423438 0.140625 0.259375
2 0.964453 0.450391 0.069531 0.194531
2 0.175000 0.469531 0.146875 0.232813
2 0.084375 0.513672 0.115625 0.171094
