2 0.222266 0.569531 0.132031 0.142187
2 0.717969 0.572656 0.110937 0.151562
2 0.699219 0.689844 0.117188 0.142187
2 0.237500 0.693359 0.140625 0.130469
2 0.666797 0.801562 0.089844 0.159375
2 0.282813 0.805469 0.090625 0.145313
2 0.598047 0.848047 0.077344 0.133594
2 0.356250 0.849609 0.078125 0.136719
2 0.428516 0.889062 0.100781 0.181250
2 0.526172 0.892969 0.105469 0.167187
1 0.751172 0.252344 0.142969 0.198437
1 0.154688 0.268750 0.134375 0.196875
1 0.740625 0.426172 0.134375 0.217969
1 0.179297 0.434375 0.155469 0.212500
