2 0.171875 0.305469 0.078125 0.254688
2 0.841797 0.317188 0.067969 0.218750
1 0.787109 0.328516 0.102344 0.366406
1 0.328516 0.347266 0.122656 0.391406
1 0.239063 0.363672 0.081250 0.364844
2 0.716406 0.373047 0.123438 0.324219
2 0.584766 0.382812 0.166406 0.378125
2 0.446094 0.394922 0.173437 0.392969
2 0.172656 0.471094 0.070312 0.148438
2 0.205859 0.503906 0.058594 0.154688
2 0.245703 0.534375 0.057031 0.153125
2 0.318750 0.552734 0.115625 0.174219
2 0.786328 0.553516 0.066406 0.107031
2 0.648828 0.575000 0.078906 0.225000
2 0.725781 0.577344 0.082812 0.126562
2 0.389844 0.586328 0.095312 0.172656
2 0.475391 0.602734 0.100781 0.205469
2 0.564063 0.614844 0.106250 0.179688
