1 0.786328 0.476953 0.063281 0.297656
2 0.273047 0.477734 0.114844 0.267969
2 0.700391 0.478516 0.113281 0.297656
2 0.199219 0.486328 0.067187 0.216406
2 0.566797 0.490234 0.152344 0.308594
2 0.407422 0.494141 0.161719 0.307031
2 0.143750 0.499609 0.046875 0.186719
2 0.147656 0.665234 0.042188 0.149219
1 0.642188 0.683984 0.078125 0.214844
2 0.356250 0.691016 0.090625 0.228906
2 0.192188 0.692578 0.065625 0.228906
2 0.267188 0.695703 0.084375 0.216406
1 0.788672 0.696484 0.046094 0.174219
2 0.451953 0.698047 0.091406 0.189844
1 0.725391 0.704688 0.078906 0.165625
2 0.547266 0.718359 0.097656 0.152344
