1 0.649609 0.400781 0.049219 0.073438
1 0.682422 0.401172 0.039844 0.052344
1 0.373047 0.407813 0.046094 0.043750
1 0.607031 0.410938 0.042188 0.071875
1 0.405859 0.410547 0.055469 0.083594
1 0.565234 0.415234 0.067969 0.058594
1 0.505078 0.413281 0.057031 0.064062
1 0.457813 0.422266 0.056250 0.050781
1 0.668359 0.446875 0.049219 0.056250
1 0.625391 0.448828 0.044531 0.072656
1 0.555859 0.455078 0.049219 0.072656
1 0.516016 0.457813 0.050781 0.065625
1 0.596094 0.460156 0.042188 0.060937
1 0.435156 0.460938 0.054688 0.071875
1 0.473047 0.459766 0.042969 0.060156
1 0.397266 0.458984 0.038281 0.058594
