1 0.557813 0.598047 0.053125 0.052344
2 0.596484 0.603516 0.027344 0.050781
2 0.632031 0.614453 0.029687 0.050781
2 0.286328 0.614453 0.038281 0.050781
2 0.408984 0.515625 0.089844 0.103125
2 0.580859 0.528125 0.049219 0.090625
2 0.311328 0.534375 0.063281 0.081250
2 0.626953 0.544141 0.041406 0.100781
2 0.265625 0.552734 0.037500 0.071094
2 0.662891 0.557422 0.025781 0.089844
2 0.495703 0.591016 0.057031 0.075781
1 0.376563 0.589844 0.046875 0.060937
1 0.426172 0.590625 0.052344 0.062500
2 0.332422 0.592578 0.039844 0.066406
