2 0.937891 0.592969 0.094531 0.264062
2 0.867188 0.623047 0.165625 0.392969
2 0.025781 0.626563 0.051562 0.175000
2 0.065234 0.632812 0.067969 0.196875
1 0.134375 0.667578 0.134375 0.335156
1 0.708203 0.668359 0.178906 0.371094
1 0.257422 0.674219 0.174219 0.370312
2 0.414062 0.689453 0.150000 0.335156
2 0.562891 0.694141 0.144531 0.353906
2 0.836719 0.242969 0.189062 0.473438
2 0.946875 0.280859 0.106250 0.427344
2 0.647656 0.292578 0.248438 0.485156
2 0.421875 0.289062 0.256250 0.531250
2 0.212891 0.307031 0.191406 0.423438
1 0.077734 0.329297 0.133594 0.421094
