2 0.541406 0.368750 0.154688 0.384375
2 0.669531 0.373437 0.110937 0.325000
2 0.391406 0.379297 0.145313 0.377344
2 0.272656 0.379688 0.095312 0.312500
2 0.753516 0.395703 0.066406 0.297656
2 0.799609 0.410547 0.042969 0.258594
2 0.200000 0.412500 0.062500 0.284375
2 0.166797 0.429297 0.042969 0.227344
2 0.796094 0.579297 0.045312 0.096094
2 0.751953 0.587500 0.060156 0.112500
2 0.698047 0.601562 0.064844 0.146875
2 0.203125 0.605859 0.043750 0.086719
2 0.260156 0.614453 0.076563 0.166406
1 0.337109 0.632031 0.099219 0.173437
1 0.621094 0.632812 0.101562 0.162500
1 0.426563 0.635156 0.090625 0.179688
1 0.518359 0.638672 0.108594 0.189844
