2 0.919922 0.275781 0.058594 0.104688
2 0.845313 0.325391 0.078125 0.157031
1 0.127344 0.385547 0.082812 0.108594
2 0.751953 0.414844 0.094531 0.151562
2 0.881641 0.424219 0.085156 0.126562
2 0.222656 0.424609 0.110937 0.127344
2 0.329297 0.463281 0.111719 0.154688
2 0.624219 0.480859 0.148438 0.142969
2 0.819922 0.495703 0.080469 0.166406
2 0.458203 0.502734 0.153906 0.130469
2 0.191016 0.511719 0.103906 0.164062
2 0.737109 0.551562 0.089844 0.140625
2 0.284375 0.578906 0.081250 0.179688
1 0.623828 0.595313 0.122656 0.100000
2 0.493359 0.608984 0.114844 0.152344
2 0.378125 0.615625 0.100000 0.143750
