2 0.157031 0.383984 0.057813 0.155469
2 0.194922 0.392188 0.064844 0.168750
2 0.544922 0.402734 0.127344 0.186719
1 0.665625 0.411328 0.109375 0.210156
1 0.767578 0.413281 0.103906 0.195312
2 0.282031 0.417187 0.126562 0.231250
1 0.837109 0.418750 0.114844 0.115625
2 0.412891 0.421875 0.138281 0.250000
2 0.841406 0.547266 0.079687 0.094531
2 0.214062 0.565625 0.065625 0.134375
2 0.773438 0.593750 0.087500 0.125000
1 0.262500 0.594922 0.068750 0.177344
1 0.700391 0.596875 0.103906 0.143750
1 0.332031 0.598047 0.070312 0.161719
1 0.599609 0.610156 0.121094 0.179688
1 0.400391 0.616406 0.085156 0.173437
1 0.489453 0.617969 0.094531 0.185938
