2 0.340625 0.500000 0.071875 0.059375
2 0.444531 0.504687 0.064062 0.068750
2 0.387500 0.512109 0.078125 0.064844
2 0.083203 0.265625 0.047656 0.109375
2 0.121875 0.295312 0.043750 0.109375
2 0.160938 0.314844 0.056250 0.139063
2 0.208594 0.330469 0.073438 0.170313
2 0.274609 0.351562 0.077344 0.153125
2 0.582812 0.380859 0.059375 0.121094
2 0.351953 0.384375 0.088281 0.146875
2 0.504687 0.391797 0.056250 0.142969
2 0.537500 0.392969 0.059375 0.154688
2 0.430078 0.400000 0.100781 0.150000
2 0.234766 0.448828 0.075781 0.066406
2 0.285156 0.481250 0.073438 0.053125
2 0.500391 0.484766 0.072656 0.069531
