1 0.410547 0.548828 0.086719 0.178906
1 0.328516 0.571094 0.088281 0.210938
1 0.248438 0.624219 0.096875 0.295312
1 0.180078 0.634766 0.063281 0.307031
1 0.875391 0.266406 0.063281 0.095312
1 0.632422 0.337891 0.092969 0.172656
1 0.810156 0.351562 0.070312 0.209375
1 0.518359 0.351172 0.121094 0.189844
2 0.361328 0.360547 0.147656 0.239844
1 0.733203 0.366797 0.085156 0.242969
1 0.227734 0.376563 0.114844 0.237500
1 0.132422 0.401172 0.099219 0.224219
1 0.667188 0.506641 0.096875 0.203906
1 0.575391 0.513672 0.088281 0.186719
1 0.489844 0.539062 0.076563 0.181250
