2 0.689844 0.707812 0.092188 0.200000
2 0.494141 0.708203 0.100781 0.213281
2 0.283594 0.707422 0.098437 0.236719
2 0.598047 0.711328 0.096094 0.197656
2 0.394922 0.717578 0.102344 0.232031
2 0.183594 0.721484 0.107813 0.167969
2 0.788672 0.734766 0.089844 0.232031
1 0.873047 0.739844 0.092969 0.145313
1 0.520703 0.459766 0.116406 0.194531
1 0.380469 0.469141 0.132812 0.210156
1 0.656250 0.493359 0.084375 0.177344
1 0.255078 0.510547 0.110156 0.177344
2 0.769531 0.563281 0.092188 0.185938
2 0.145313 0.575781 0.103125 0.223438
1 0.852734 0.580469 0.071094 0.148438
