2 0.678125 0.383594 0.031250 0.064062
2 0.586719 0.383594 0.057813 0.079687
2 0.395703 0.384766 0.050781 0.091406
2 0.658594 0.385156 0.029687 0.076563
2 0.524609 0.387500 0.080469 0.087500
2 0.626953 0.387500 0.050781 0.087500
2 0.310937 0.389453 0.028125 0.072656
2 0.355469 0.392188 0.035937 0.103125
2 0.454688 0.391797 0.075000 0.080469
2 0.327734 0.393359 0.030469 0.089844
2 0.358203 0.439063 0.028906 0.031250
2 0.627734 0.440625 0.042969 0.037500
2 0.385937 0.445312 0.046875 0.050000
2 0.591797 0.448828 0.046094 0.063281
2 0.426953 0.451562 0.044531 0.068750
2 0.554688 0.454688 0.056250 0.078125
2 0.510938 0.453906 0.050000 0.073438
2 0.468359 0.457422 0.049219 0.064844
