1 0.362500 0.355859 0.150000 0.455469
1 0.026172 0.380469 0.049219 0.339062
2 0.214453 0.382031 0.153906 0.479687
1 0.516016 0.383984 0.163281 0.489844
2 0.094531 0.394141 0.101562 0.413281
1 0.880859 0.432422 0.105469 0.283594
1 0.658594 0.444922 0.123438 0.436719
1 0.775391 0.459375 0.116406 0.393750
1 0.440625 0.674609 0.156250 0.367969
1 0.041406 0.684766 0.042188 0.263281
1 0.304297 0.691016 0.114844 0.266406
2 0.079297 0.712891 0.067969 0.238281
1 0.705469 0.719531 0.120313 0.335938
2 0.214453 0.720703 0.075781 0.228906
1 0.579297 0.727344 0.136719 0.323437
1 0.142969 0.732422 0.085938 0.271094
