2 0.707812 0.545703 0.078125 0.216406
2 0.235547 0.548438 0.067969 0.184375
2 0.521484 0.550781 0.105469 0.173437
2 0.621094 0.550391 0.098437 0.191406
2 0.422656 0.552734 0.092188 0.174219
2 0.321875 0.554297 0.090625 0.180469
2 0.525000 0.326953 0.162500 0.241406
2 0.368359 0.338672 0.155469 0.230469
2 0.657031 0.341016 0.114062 0.197656
2 0.771094 0.347266 0.104688 0.160156
2 0.247266 0.367578 0.091406 0.166406
2 0.159766 0.387109 0.085156 0.127344
2 0.773047 0.506641 0.064844 0.141406
2 0.166406 0.519531 0.079687 0.114062
