1 0.583984 0.688672 0.055469 0.217969
2 0.481641 0.704297 0.063281 0.152344
1 0.632422 0.730469 0.049219 0.176563
1 0.680469 0.733984 0.045312 0.171094
1 0.424609 0.741406 0.049219 0.101562
1 0.385937 0.749609 0.034375 0.105469
1 0.776953 0.748828 0.044531 0.119531
1 0.730859 0.757812 0.055469 0.134375
1 0.643359 0.566406 0.092969 0.167187
1 0.718750 0.580469 0.059375 0.223438
1 0.484375 0.581250 0.062500 0.181250
1 0.773828 0.608594 0.047656 0.182812
2 0.424609 0.620313 0.058594 0.190625
1 0.381641 0.650391 0.041406 0.113281
2 0.534766 0.671875 0.053906 0.225000
