1 0.341016 0.409766 0.069531 0.107031
1 0.275391 0.414062 0.066406 0.090625
1 0.426563 0.423047 0.093750 0.130469
1 0.535547 0.427344 0.096094 0.129688
1 0.628516 0.434375 0.072656 0.087500
1 0.217188 0.441797 0.037500 0.080469
1 0.705469 0.446484 0.073438 0.080469
1 0.782422 0.458594 0.061719 0.070312
1 0.313672 0.481641 0.064844 0.138281
1 0.250000 0.488672 0.059375 0.121094
1 0.378906 0.495312 0.064062 0.109375
1 0.741406 0.500000 0.089063 0.118750
2 0.663281 0.495703 0.076563 0.157031
2 0.518359 0.505078 0.067969 0.119531
2 0.596094 0.512109 0.064062 0.111719
1 0.441406 0.516797 0.067187 0.077344
