2 0.645703 0.453125 0.172656 0.168750
1 0.854297 0.477344 0.096094 0.135937
1 0.444141 0.480078 0.132031 0.207031
1 0.761328 0.484375 0.107031 0.143750
1 0.343359 0.501953 0.086719 0.150781
2 0.158203 0.501563 0.122656 0.118750
1 0.260937 0.505469 0.087500 0.157812
2 0.852734 0.560937 0.102344 0.084375
2 0.769141 0.584766 0.100781 0.141406
2 0.676562 0.611328 0.109375 0.175781
2 0.587500 0.621094 0.118750 0.157812
2 0.146094 0.619922 0.135937 0.164844
2 0.468750 0.630078 0.115625 0.147656
2 0.287891 0.638672 0.094531 0.177344
2 0.376563 0.639062 0.084375 0.146875
