2 0.203906 0.642578 0.064062 0.113281
2 0.256641 0.703125 0.103906 0.118750
2 0.737500 0.756641 0.075000 0.172656
2 0.287891 0.765625 0.072656 0.146875
2 0.340234 0.777734 0.071094 0.174219
2 0.691016 0.778516 0.072656 0.144531
2 0.410547 0.798438 0.089844 0.193750
2 0.619141 0.797266 0.082031 0.182031
2 0.562109 0.816016 0.089844 0.157031
2 0.486328 0.820703 0.097656 0.163281
2 0.627344 0.296094 0.129688 0.223438
2 0.503125 0.292187 0.137500 0.228125
2 0.397656 0.310937 0.095312 0.190625
2 0.718750 0.316406 0.084375 0.201563
2 0.331250 0.327734 0.084375 0.258594
2 0.781641 0.336719 0.072656 0.223438
2 0.283984 0.379297 0.064844 0.224219
2 0.244531 0.379688 0.039062 0.162500
2 0.824219 0.398828 0.051562 0.200781
2 0.210156 0.406250 0.045312 0.162500
