1 0.405078 0.432422 0.091406 0.202344
1 0.209766 0.436719 0.097656 0.214062
1 0.142578 0.444922 0.063281 0.146094
1 0.517188 0.460938 0.103125 0.193750
1 0.304297 0.461719 0.086719 0.123438
1 0.618750 0.467578 0.084375 0.178906
1 0.089453 0.476562 0.057031 0.165625
1 0.785547 0.494531 0.064844 0.151562
1 0.712500 0.496875 0.084375 0.193750
1 0.833203 0.511328 0.053906 0.135156
1 0.278516 0.697656 0.069531 0.207813
1 0.133594 0.700781 0.085938 0.142187
2 0.357812 0.701562 0.081250 0.209375
2 0.448437 0.700781 0.062500 0.179688
1 0.209375 0.704297 0.065625 0.164844
2 0.516797 0.717187 0.074219 0.196875
2 0.590234 0.719531 0.083594 0.201563
1 0.664453 0.723437 0.072656 0.190625
1 0.796094 0.733984 0.082812 0.174219
1 0.726562 0.755078 0.065625 0.175781
