1 0.859766 0.415234 0.141406 0.214844
1 0.230078 0.419531 0.103906 0.170313
1 0.041406 0.424219 0.082812 0.170313
1 0.114062 0.426172 0.146875 0.199219
1 0.736719 0.435937 0.117188 0.190625
1 0.371484 0.464844 0.124219 0.229687
1 0.548438 0.467187 0.146875 0.221875
1 0.860938 0.522656 0.100000 0.139063
1 0.650391 0.524219 0.088281 0.195312
1 0.315234 0.525781 0.086719 0.214062
1 0.206250 0.540234 0.096875 0.180469
1 0.781641 0.546484 0.113281 0.139844
1 0.425781 0.554688 0.095312 0.181250
1 0.533203 0.557813 0.113281 0.156250
