1 0.245312 0.274219 0.081250 0.076563
1 0.333594 0.274609 0.089063 0.086719
1 0.789844 0.278125 0.048438 0.059375
1 0.658984 0.277734 0.064844 0.067969
1 0.735156 0.291406 0.082812 0.082812
1 0.544141 0.291797 0.110156 0.077344
1 0.452344 0.312500 0.076563 0.118750
1 0.225391 0.321875 0.069531 0.065625
1 0.371484 0.325781 0.077344 0.101562
1 0.741406 0.325391 0.070312 0.047656
1 0.602344 0.328125 0.082812 0.087500
1 0.293750 0.332813 0.081250 0.087500
1 0.675391 0.335547 0.078906 0.067969
1 0.528906 0.339844 0.070312 0.057813
