1 0.948828 0.594922 0.100781 0.152344
1 0.871094 0.695703 0.120313 0.253906
1 0.041406 0.706250 0.082812 0.243750
1 0.955469 0.709766 0.085938 0.119531
1 0.089453 0.726172 0.091406 0.217969
1 0.806641 0.728516 0.122656 0.288281
2 0.612891 0.739062 0.107031 0.306250
2 0.403906 0.740234 0.101562 0.289844
2 0.731250 0.740625 0.125000 0.356250
2 0.509766 0.744922 0.110156 0.286719
1 0.137500 0.754297 0.093750 0.252344
1 0.204687 0.762500 0.103125 0.334375
2 0.307031 0.776563 0.104688 0.306250
1 0.562109 0.322656 0.164844 0.382812
1 0.392188 0.342969 0.171875 0.367188
1 0.700391 0.350000 0.119531 0.271875
1 0.962891 0.355469 0.072656 0.273438
1 0.815234 0.360547 0.117969 0.327344
1 0.895703 0.369531 0.075781 0.310937
1 0.250391 0.380859 0.116406 0.249219
1 0.142578 0.394141 0.125781 0.307031
1 0.081250 0.413672 0.081250 0.258594
1 0.032422 0.423047 0.058594 0.246094
