2 0.748047 0.694141 0.121094 0.260156
2 0.951562 0.699219 0.096875 0.248438
2 0.868359 0.710938 0.139844 0.271875
2 0.612891 0.714453 0.138281 0.222656
2 0.471484 0.722656 0.130469 0.251563
2 0.328906 0.742969 0.160938 0.279687
2 0.062500 0.775000 0.125000 0.237500
2 0.183594 0.783594 0.170313 0.339062
2 0.767188 0.468359 0.137500 0.230469
2 0.964063 0.474609 0.071875 0.221094
2 0.894922 0.471094 0.142969 0.267188
2 0.383203 0.480469 0.235156 0.295312
2 0.604297 0.478516 0.208594 0.303906
2 0.206250 0.492969 0.175000 0.254688
2 0.068750 0.493750 0.137500 0.303125
