2 0.206250 0.205859 0.040625 0.127344
2 0.233984 0.252734 0.039844 0.136719
2 0.267969 0.280078 0.048438 0.175781
2 0.314453 0.282813 0.075781 0.218750
2 0.378125 0.300391 0.081250 0.194531
2 0.809375 0.304688 0.037500 0.115625
2 0.457813 0.332422 0.109375 0.230469
2 0.553906 0.334766 0.110937 0.238281
2 0.635547 0.343750 0.086719 0.193750
2 0.701562 0.343359 0.075000 0.211719
2 0.775781 0.345313 0.039062 0.143750
2 0.746484 0.349219 0.046094 0.167187
2 0.264453 0.438672 0.097656 0.086719
2 0.296094 0.498047 0.095312 0.096094
2 0.732812 0.509375 0.090625 0.125000
2 0.312500 0.568359 0.056250 0.086719
2 0.725781 0.586328 0.064062 0.107031
2 0.354687 0.596875 0.068750 0.084375
2 0.691016 0.612891 0.057031 0.119531
2 0.413281 0.642578 0.076563 0.138281
2 0.647266 0.642578 0.069531 0.125781
2 0.466797 0.662109 0.077344 0.149219
2 0.588281 0.664062 0.070312 0.134375
2 0.532813 0.674219 0.075000 0.123438
