2 0.548828 0.150781 0.041406 0.089063
2 0.507812 0.155469 0.037500 0.067187
2 0.469531 0.175781 0.039062 0.064062
2 0.591016 0.179297 0.069531 0.074219
2 0.400000 0.232031 0.046875 0.054688
2 0.642188 0.260156 0.062500 0.070312
2 0.370703 0.301172 0.060156 0.080469
2 0.653516 0.333203 0.063281 0.075781
1 0.344531 0.385547 0.070312 0.136719
1 0.667578 0.422266 0.078906 0.116406
1 0.312500 0.489063 0.084375 0.121875
1 0.678906 0.535937 0.073438 0.090625
1 0.294141 0.586719 0.072656 0.089063
1 0.692578 0.695312 0.103906 0.062500
1 0.698438 0.741797 0.096875 0.049219
2 0.686719 0.788281 0.073438 0.032813
2 0.641016 0.832422 0.060156 0.039844
2 0.549609 0.847266 0.049219 0.047656
