2 0.396875 0.346875 0.156250 0.312500
1 0.684766 0.362891 0.107031 0.275781
1 0.192969 0.363281 0.095312 0.257812
2 0.553906 0.364063 0.182812 0.262500
2 0.282422 0.373828 0.130469 0.266406
1 0.119922 0.378516 0.071094 0.194531
1 0.799609 0.378516 0.108594 0.238281
2 0.953516 0.378516 0.060156 0.203906
1 0.891406 0.380078 0.089063 0.203906
2 0.073828 0.383203 0.057031 0.191406
2 0.031250 0.393359 0.059375 0.186719
1 0.171094 0.532813 0.092188 0.212500
1 0.046094 0.532813 0.085938 0.109375
1 0.840234 0.535547 0.086719 0.224219
1 0.116797 0.537109 0.083594 0.146094
1 0.975000 0.544922 0.050000 0.142969
1 0.918750 0.548047 0.093750 0.164844
2 0.545312 0.575391 0.096875 0.210156
2 0.443750 0.578516 0.093750 0.210156
2 0.355469 0.580078 0.098437 0.232031
1 0.753125 0.583594 0.128125 0.223438
2 0.639062 0.585156 0.109375 0.223438
1 0.250781 0.586719 0.098437 0.195312
