1 0.434375 0.345703 0.156250 0.313281
1 0.285156 0.368750 0.154688 0.325000
1 0.578516 0.374609 0.141406 0.302344
1 0.168750 0.392188 0.106250 0.296875
1 0.708984 0.410156 0.117969 0.239063
2 0.106641 0.448828 0.057031 0.282031
1 0.744922 0.614844 0.096094 0.185938
1 0.631250 0.640234 0.134375 0.233594
2 0.382031 0.657031 0.117188 0.307812
1 0.505078 0.664453 0.122656 0.341406
2 0.294141 0.665234 0.100781 0.286719
2 0.226562 0.670312 0.093750 0.290625
2 0.170703 0.686328 0.082031 0.275781
2 0.150391 0.704688 0.050781 0.253125
