1 0.973047 0.575391 0.052344 0.091406
1 0.910937 0.596094 0.100000 0.123438
1 0.091406 0.597656 0.082812 0.114062
1 0.820703 0.611328 0.085156 0.153906
1 0.139453 0.619922 0.082031 0.108594
1 0.198828 0.664453 0.097656 0.207031
1 0.723828 0.669922 0.116406 0.186719
2 0.622266 0.682031 0.100781 0.167187
2 0.302344 0.691797 0.098437 0.186719
2 0.401562 0.691406 0.096875 0.154688
2 0.513672 0.702734 0.108594 0.146094
1 0.161328 0.444922 0.091406 0.277344
1 0.790625 0.446484 0.115625 0.267969
1 0.040234 0.448828 0.049219 0.125781
1 0.959375 0.472656 0.068750 0.139063
2 0.533203 0.472266 0.157031 0.288281
2 0.372656 0.472656 0.157812 0.289062
1 0.678516 0.476953 0.132031 0.244531
1 0.092578 0.473438 0.063281 0.131250
1 0.885938 0.480078 0.093750 0.157031
1 0.254688 0.483203 0.103125 0.216406
