1 0.607031 0.556641 0.092188 0.119531
1 0.237500 0.577734 0.071875 0.117969
1 0.726562 0.638281 0.075000 0.129688
1 0.220703 0.672266 0.075781 0.122656
1 0.798828 0.682813 0.044531 0.090625
1 0.846875 0.722266 0.031250 0.060156
2 0.269141 0.750781 0.069531 0.139063
2 0.340625 0.763672 0.059375 0.121094
2 0.423438 0.782813 0.062500 0.137500
2 0.588281 0.793750 0.082812 0.115625
1 0.860938 0.792578 0.037500 0.050781
2 0.499219 0.794922 0.067187 0.117969
1 0.693359 0.796875 0.083594 0.112500
1 0.794922 0.812500 0.096094 0.087500
1 0.294141 0.508594 0.069531 0.107813
1 0.386719 0.517969 0.098437 0.117188
1 0.498828 0.528516 0.119531 0.128906
