2 0.267188 0.433984 0.106250 0.249219
2 0.395703 0.448828 0.166406 0.269531
2 0.695703 0.452734 0.113281 0.261719
2 0.560937 0.454688 0.162500 0.278125
2 0.180859 0.460547 0.061719 0.217969
2 0.779297 0.475000 0.064844 0.259375
2 0.127734 0.478906 0.049219 0.189062
2 0.824219 0.498047 0.045312 0.186719
2 0.234375 0.591797 0.081250 0.158594
2 0.166016 0.599219 0.050781 0.089063
2 0.326172 0.599219 0.102344 0.170313
2 0.771484 0.620703 0.058594 0.160156
2 0.609375 0.625000 0.112500 0.153125
2 0.702344 0.629687 0.085938 0.143750
2 0.416797 0.638281 0.092969 0.126562
2 0.510938 0.639844 0.093750 0.129688
2 0.817969 0.643359 0.048438 0.111719
