2 0.750000 0.350781 0.081250 0.257812
2 0.805469 0.350781 0.026562 0.179688
2 0.137500 0.384766 0.031250 0.200781
2 0.660937 0.390234 0.100000 0.267969
1 0.268750 0.392969 0.100000 0.273438
1 0.184375 0.403516 0.065625 0.269531
2 0.541406 0.428906 0.154688 0.317188
2 0.389453 0.436328 0.153906 0.319531
2 0.694141 0.542969 0.091406 0.207813
2 0.259375 0.572266 0.090625 0.144531
2 0.605078 0.586719 0.078906 0.185938
2 0.345313 0.589063 0.090625 0.200000
2 0.433203 0.630469 0.078906 0.167187
2 0.528125 0.653906 0.081250 0.129688
