1 0.341016 0.301563 0.094531 0.153125
1 0.225781 0.380859 0.132812 0.264844
1 0.806250 0.405078 0.118750 0.294531
1 0.881250 0.431641 0.100000 0.244531
1 0.145703 0.461328 0.119531 0.288281
1 0.087500 0.567187 0.096875 0.193750
1 0.561719 0.731250 0.085938 0.215625
1 0.817969 0.738672 0.098437 0.211719
1 0.277344 0.742188 0.095312 0.159375
1 0.467187 0.742188 0.096875 0.221875
1 0.654687 0.742578 0.090625 0.250781
1 0.375391 0.748047 0.094531 0.239844
1 0.745703 0.753125 0.107031 0.256250
1 0.896094 0.821094 0.120313 0.226562
1 0.192969 0.843750 0.085938 0.193750
1 0.127344 0.846875 0.104688 0.156250
1 0.704688 0.250000 0.084375 0.134375
1 0.589844 0.254297 0.101562 0.133594
1 0.457422 0.264062 0.108594 0.109375
