2 0.058594 0.423828 0.057813 0.147656
1 0.954297 0.435156 0.089844 0.170313
2 0.120313 0.447266 0.100000 0.213281
2 0.750000 0.451562 0.118750 0.221875
2 0.227344 0.450000 0.114062 0.240625
1 0.850000 0.458594 0.078125 0.235937
1 0.583203 0.462891 0.185156 0.244531
1 0.385547 0.471875 0.189844 0.243750
1 0.877344 0.594141 0.073438 0.069531
1 0.205078 0.609375 0.069531 0.096875
1 0.770703 0.621875 0.082031 0.103125
1 0.317188 0.632031 0.112500 0.123438
2 0.669531 0.646484 0.098437 0.152344
2 0.433984 0.666016 0.108594 0.150781
2 0.546875 0.675391 0.093750 0.150781
