2 0.803906 0.613281 0.114062 0.226562
2 0.684375 0.614453 0.115625 0.207031
2 0.960156 0.616406 0.079687 0.104688
2 0.578125 0.627344 0.112500 0.254688
2 0.903516 0.654687 0.116406 0.215625
2 0.346875 0.659766 0.118750 0.225781
2 0.230469 0.666016 0.117188 0.216406
2 0.466797 0.666797 0.117969 0.252344
2 0.025000 0.695312 0.050000 0.125000
1 0.117188 0.733203 0.137500 0.210156
1 0.763672 0.467187 0.142969 0.178125
2 0.870313 0.489844 0.103125 0.189062
1 0.608594 0.501172 0.160938 0.233594
1 0.953906 0.499609 0.092188 0.139844
1 0.296094 0.501953 0.126562 0.166406
1 0.441797 0.514844 0.158594 0.214062
2 0.155469 0.558203 0.139063 0.210156
1 0.051562 0.578906 0.103125 0.157812
