1 0.063281 0.603906 0.126562 0.176563
1 0.889844 0.650000 0.120313 0.175000
1 0.212891 0.658984 0.200781 0.224219
1 0.348438 0.675781 0.156250 0.226562
1 0.785156 0.692969 0.148438 0.229687
1 0.481250 0.701172 0.181250 0.246094
1 0.641797 0.735156 0.171094 0.314063
1 0.926172 0.214062 0.146094 0.356250
1 0.780469 0.244531 0.223438 0.332813
1 0.605078 0.265625 0.191406 0.293750
1 0.431250 0.303906 0.206250 0.298438
1 0.303906 0.335938 0.173437 0.237500
1 0.178906 0.334766 0.132812 0.216406
1 0.104688 0.360938 0.100000 0.193750
