2 0.061719 0.298438 0.123438 0.215625
1 0.922656 0.328516 0.154688 0.203906
2 0.066406 0.482812 0.132812 0.146875
1 0.842187 0.514062 0.184375 0.215625
2 0.085547 0.632031 0.136719 0.164062
1 0.771094 0.664062 0.132812 0.165625
2 0.123047 0.780078 0.121094 0.141406
1 0.690234 0.785156 0.130469 0.182812
2 0.201172 0.885547 0.099219 0.117969
2 0.581250 0.891406 0.125000 0.135937
1 0.292187 0.941406 0.096875 0.114062
2 0.489453 0.953906 0.100781 0.092188
2 0.386328 0.956250 0.094531 0.087500
1 0.067969 0.096875 0.135937 0.193750
