2 0.690234 0.561328 0.042969 0.063281
2 0.362109 0.562500 0.061719 0.096875
2 0.662109 0.570703 0.042969 0.113281
1 0.421484 0.576562 0.064844 0.103125
2 0.487109 0.592187 0.071094 0.081250
2 0.607812 0.596875 0.071875 0.100000
2 0.548047 0.612109 0.064844 0.086719
1 0.238672 0.482812 0.039844 0.059375
1 0.282422 0.491406 0.055469 0.076563
1 0.677734 0.500781 0.061719 0.092188
1 0.350781 0.501172 0.054688 0.105469
1 0.608594 0.504297 0.082812 0.089844
1 0.720313 0.505078 0.050000 0.082031
1 0.429688 0.514453 0.087500 0.110156
1 0.264844 0.532422 0.042188 0.058594
1 0.530078 0.543750 0.107031 0.134375
2 0.315234 0.541406 0.055469 0.089063
