1 0.173437 0.389453 0.065625 0.194531
1 0.243359 0.398828 0.105469 0.247656
2 0.821875 0.412500 0.118750 0.215625
1 0.348438 0.414062 0.112500 0.237500
1 0.715625 0.425391 0.100000 0.216406
1 0.464844 0.432812 0.126562 0.290625
1 0.607031 0.446875 0.126562 0.293750
1 0.153125 0.512109 0.084375 0.186719
1 0.885938 0.516016 0.075000 0.122656
1 0.225391 0.551953 0.075781 0.169531
2 0.300000 0.565234 0.084375 0.177344
1 0.821094 0.574219 0.070312 0.126562
1 0.744531 0.575391 0.076563 0.160156
1 0.564844 0.580078 0.085938 0.207031
1 0.660156 0.588672 0.098437 0.171094
2 0.384375 0.597656 0.090625 0.145313
2 0.479297 0.623437 0.089844 0.118750
