1 0.950000 0.658203 0.100000 0.285156
2 0.872656 0.699609 0.117188 0.267969
2 0.049609 0.700781 0.099219 0.251563
2 0.088672 0.733203 0.089844 0.225781
2 0.135937 0.734766 0.103125 0.219531
2 0.734766 0.738281 0.128906 0.335938
1 0.605859 0.739062 0.105469 0.318750
1 0.806250 0.739062 0.131250 0.306250
2 0.407031 0.742969 0.098437 0.295312
2 0.503906 0.747656 0.101562 0.295312
2 0.207031 0.761328 0.107813 0.332031
2 0.304297 0.773438 0.108594 0.296875
1 0.566797 0.310156 0.158594 0.398438
1 0.398047 0.335547 0.171094 0.361719
1 0.702344 0.342578 0.110937 0.275781
1 0.968750 0.350391 0.062500 0.269531
1 0.817969 0.367969 0.129688 0.314063
1 0.906250 0.373047 0.090625 0.296094
1 0.248438 0.381250 0.109375 0.253125
1 0.144531 0.394531 0.129688 0.307812
1 0.082031 0.414062 0.082812 0.268750
1 0.034375 0.421094 0.062500 0.242188
