2 0.286719 0.424609 0.073438 0.280469
2 0.698047 0.429297 0.064844 0.274219
2 0.601953 0.434375 0.119531 0.340625
2 0.475391 0.434375 0.128906 0.346875
2 0.369531 0.438281 0.085938 0.270313
2 0.757812 0.445312 0.059375 0.256250
2 0.232422 0.456250 0.052344 0.240625
2 0.792969 0.478516 0.051562 0.228906
2 0.289062 0.631250 0.056250 0.062500
2 0.748828 0.633203 0.057031 0.072656
2 0.700781 0.642969 0.048438 0.107813
2 0.342969 0.651953 0.060937 0.091406
2 0.643750 0.667969 0.068750 0.132812
2 0.411328 0.669922 0.078906 0.146094
1 0.489063 0.671484 0.084375 0.139844
1 0.571484 0.672266 0.083594 0.153906
