2 0.418750 0.326953 0.025000 0.082031
2 0.441406 0.355078 0.026562 0.082031
2 0.776172 0.362891 0.033594 0.072656
2 0.765625 0.376953 0.025000 0.100781
2 0.465625 0.375781 0.034375 0.098437
2 0.494141 0.385937 0.041406 0.118750
2 0.742188 0.394922 0.040625 0.105469
2 0.701562 0.398438 0.053125 0.134375
2 0.537109 0.407031 0.055469 0.117188
2 0.653906 0.423828 0.064062 0.128906
2 0.592187 0.421094 0.068750 0.123438
2 0.558984 0.476953 0.042969 0.044531
2 0.639844 0.487891 0.035937 0.032031
2 0.599609 0.486719 0.039844 0.029687
