2 0.192969 0.252344 0.051562 0.092188
2 0.232813 0.273047 0.068750 0.105469
2 0.349219 0.290234 0.032813 0.080469
2 0.280859 0.291406 0.058594 0.092188
2 0.314453 0.296875 0.044531 0.087500
2 0.164062 0.320703 0.040625 0.050781
2 0.199219 0.331641 0.045312 0.044531
2 0.232422 0.347266 0.033594 0.044531
2 0.256250 0.350391 0.031250 0.044531
2 0.310937 0.354297 0.037500 0.039844
2 0.280859 0.360547 0.033594 0.055469
2 0.689453 0.442969 0.025781 0.064062
2 0.720703 0.455469 0.028906 0.095312
2 0.700391 0.455078 0.022656 0.066406
2 0.744531 0.473828 0.035937 0.088281
2 0.776953 0.493359 0.053906 0.102344
2 0.817578 0.502734 0.047656 0.099219
2 0.883984 0.507031 0.039844 0.089063
2 0.852344 0.508594 0.039062 0.085938
2 0.914453 0.516797 0.019531 0.067969
2 0.932422 0.518359 0.033594 0.064844
2 0.899609 0.521484 0.021094 0.058594
2 0.096484 0.228906 0.030469 0.085938
2 0.123047 0.233594 0.030469 0.076563
2 0.152734 0.237891 0.049219 0.094531
