2 0.374609 0.577734 0.108594 0.171094
2 0.507422 0.598828 0.067969 0.082031
2 0.314453 0.605078 0.091406 0.172656
2 0.457422 0.639453 0.077344 0.075781
2 0.270313 0.646484 0.081250 0.146094
2 0.395703 0.667578 0.072656 0.078906
2 0.242969 0.676172 0.048438 0.105469
2 0.354687 0.708984 0.053125 0.061719
2 0.679297 0.223047 0.055469 0.108594
2 0.655469 0.275000 0.060937 0.156250
2 0.626953 0.313281 0.075781 0.167187
2 0.585938 0.363672 0.115625 0.171094
2 0.520703 0.426563 0.132031 0.184375
2 0.633594 0.432422 0.057813 0.046094
2 0.594141 0.488281 0.060156 0.067187
2 0.448437 0.498437 0.131250 0.196875
2 0.551953 0.541016 0.063281 0.075781
