2 0.903516 0.544531 0.072656 0.117188
2 0.069141 0.842578 0.122656 0.150781
2 0.866797 0.879687 0.064844 0.146875
2 0.154688 0.880078 0.140625 0.150781
2 0.347266 0.883594 0.122656 0.229687
2 0.648438 0.886719 0.118750 0.182812
2 0.245312 0.891406 0.103125 0.217188
2 0.445312 0.893359 0.125000 0.199219
2 0.551953 0.900000 0.110156 0.200000
2 0.737109 0.901953 0.099219 0.194531
2 0.812109 0.915625 0.102344 0.165625
2 0.255078 0.387891 0.128906 0.257031
2 0.567187 0.391406 0.184375 0.242188
2 0.405469 0.396094 0.192188 0.239063
2 0.705859 0.407031 0.117969 0.220312
2 0.147266 0.421094 0.147656 0.257812
2 0.077344 0.460938 0.101562 0.206250
2 0.794922 0.470313 0.127344 0.228125
2 0.866797 0.513672 0.086719 0.152344
