2 0.723828 0.578906 0.066406 0.107813
2 0.363672 0.609766 0.064844 0.147656
2 0.693359 0.617578 0.061719 0.116406
2 0.413281 0.636328 0.051562 0.141406
2 0.649609 0.636719 0.067969 0.120313
2 0.467969 0.656641 0.076563 0.150781
2 0.582812 0.659766 0.071875 0.144531
2 0.523828 0.667188 0.075781 0.146875
2 0.207813 0.203906 0.034375 0.114062
2 0.237500 0.244141 0.043750 0.160156
2 0.266797 0.269141 0.046094 0.175781
2 0.310937 0.271875 0.071875 0.228125
2 0.804688 0.299609 0.043750 0.111719
2 0.378125 0.301563 0.071875 0.196875
2 0.461719 0.326172 0.104688 0.246094
2 0.643359 0.332813 0.067969 0.190625
2 0.775781 0.341406 0.051562 0.117188
2 0.743359 0.341406 0.042969 0.151562
2 0.551953 0.344141 0.110156 0.225781
2 0.698438 0.340625 0.071875 0.218750
2 0.261328 0.444922 0.078906 0.099219
2 0.299609 0.512109 0.083594 0.074219
2 0.752734 0.519922 0.077344 0.111719
2 0.316797 0.562891 0.061719 0.110156
