1 0.123047 0.295703 0.074219 0.175781
1 0.207813 0.312891 0.115625 0.225781
1 0.302344 0.320312 0.057813 0.159375
1 0.599219 0.338281 0.082812 0.179688
1 0.920703 0.339062 0.053906 0.228125
1 0.735938 0.343359 0.075000 0.174219
1 0.846875 0.346094 0.128125 0.210938
1 0.434766 0.350000 0.094531 0.171875
2 0.881250 0.492188 0.103125 0.215625
1 0.165234 0.489844 0.083594 0.226562
1 0.245703 0.515234 0.107031 0.277344
1 0.785937 0.539844 0.100000 0.279687
2 0.352344 0.543359 0.098437 0.224219
2 0.678125 0.548828 0.112500 0.250781
2 0.457813 0.544922 0.096875 0.227344
2 0.569531 0.556641 0.098437 0.216406
