2 0.075781 0.854297 0.101562 0.167969
2 0.857422 0.869922 0.071094 0.155469
2 0.162500 0.882812 0.106250 0.168750
2 0.730078 0.888672 0.097656 0.214844
2 0.643750 0.898047 0.128125 0.177344
2 0.352734 0.898438 0.124219 0.200000
2 0.814844 0.905859 0.085938 0.149219
2 0.455078 0.907031 0.119531 0.185938
2 0.242969 0.907031 0.101562 0.185938
2 0.548047 0.909375 0.117969 0.168750
2 0.400000 0.391797 0.168750 0.258594
2 0.693750 0.393750 0.103125 0.218750
2 0.560547 0.398438 0.164844 0.250000
2 0.260156 0.403125 0.114062 0.215625
2 0.145703 0.444922 0.138281 0.246094
2 0.798438 0.458203 0.087500 0.228906
2 0.091406 0.492578 0.095312 0.210156
2 0.035156 0.510938 0.070312 0.203125
2 0.838672 0.521094 0.077344 0.145313
2 0.882422 0.542969 0.061719 0.145313
