1 0.633203 0.693359 0.000781 0.002344
1 0.407031 0.458984 0.104688 0.124219
1 0.307031 0.490234 0.085938 0.174219
1 0.536328 0.489844 0.116406 0.210938
1 0.657031 0.495703 0.070312 0.182031
1 0.228906 0.523438 0.107813 0.212500
1 0.739844 0.522266 0.098437 0.210156
1 0.162109 0.542188 0.074219 0.159375
1 0.361328 0.581641 0.075781 0.163281
1 0.283203 0.587500 0.069531 0.134375
1 0.432031 0.587500 0.067187 0.150000
1 0.594531 0.603906 0.045312 0.129688
1 0.508203 0.609766 0.078906 0.128906
1 0.680469 0.629297 0.073438 0.117969
