2 0.128906 0.604297 0.051562 0.127344
2 0.161328 0.614453 0.069531 0.128906
2 0.783594 0.619922 0.076563 0.111719
2 0.221484 0.626172 0.086719 0.139844
2 0.701562 0.626563 0.093750 0.162500
2 0.312500 0.639453 0.096875 0.172656
2 0.606641 0.646875 0.107031 0.150000
2 0.413672 0.661719 0.096094 0.139063
2 0.501172 0.662500 0.102344 0.137500
2 0.153906 0.420703 0.060937 0.203906
2 0.246094 0.427344 0.104688 0.235937
2 0.368359 0.456250 0.149219 0.271875
2 0.765625 0.462500 0.093750 0.187500
2 0.827734 0.466016 0.046094 0.138281
2 0.659375 0.473047 0.118750 0.211719
2 0.516797 0.475781 0.152344 0.248438
