2 0.845313 0.232031 0.050000 0.085938
2 0.805078 0.235937 0.044531 0.081250
2 0.881250 0.235937 0.037500 0.078125
2 0.771094 0.241016 0.029687 0.072656
2 0.910937 0.249609 0.031250 0.064844
2 0.742578 0.256641 0.032031 0.066406
2 0.926562 0.265234 0.028125 0.064844
2 0.721484 0.273438 0.024219 0.053125
2 0.940625 0.273828 0.021875 0.057031
2 0.715625 0.296484 0.018750 0.046094
2 0.697656 0.299609 0.023438 0.036719
2 0.883984 0.323047 0.030469 0.033594
2 0.760938 0.325391 0.025000 0.016406
2 0.831250 0.325781 0.031250 0.039062
2 0.783594 0.326562 0.023438 0.031250
2 0.807031 0.326172 0.026562 0.042969
2 0.855078 0.326172 0.035156 0.039844
