2 0.158203 0.735156 0.107031 0.248438
2 0.055078 0.748828 0.110156 0.178906
1 0.758984 0.441797 0.136719 0.230469
1 0.581250 0.461328 0.171875 0.241406
1 0.393359 0.465234 0.186719 0.249219
1 0.886719 0.471875 0.114062 0.218750
1 0.973828 0.478516 0.047656 0.191406
1 0.214062 0.500391 0.156250 0.247656
1 0.073438 0.530078 0.146875 0.222656
1 0.813672 0.649609 0.127344 0.249219
1 0.933984 0.660156 0.108594 0.170313
2 0.687500 0.666406 0.125000 0.226562
2 0.551562 0.672266 0.121875 0.194531
2 0.287500 0.694141 0.125000 0.253906
2 0.415625 0.698828 0.131250 0.219531
