2 0.300000 0.400391 0.034375 0.135156
2 0.714453 0.401172 0.032031 0.099219
2 0.692969 0.407813 0.035937 0.112500
2 0.330078 0.414062 0.041406 0.125000
2 0.657813 0.420312 0.053125 0.137500
2 0.362891 0.422266 0.053906 0.144531
2 0.606641 0.423828 0.063281 0.138281
2 0.406250 0.429297 0.062500 0.155469
2 0.553906 0.439063 0.076563 0.150000
2 0.469141 0.444141 0.088281 0.150781
2 0.621094 0.515625 0.048438 0.065625
2 0.587891 0.529297 0.050781 0.077344
2 0.443359 0.532813 0.058594 0.071875
2 0.548047 0.533984 0.049219 0.086719
2 0.491016 0.540234 0.057031 0.080469
