2 0.451172 0.801953 0.083594 0.238281
2 0.384375 0.885547 0.103125 0.221094
1 0.046875 0.895312 0.093750 0.209375
1 0.534375 0.903125 0.056250 0.193750
2 0.300781 0.925781 0.085938 0.148438
2 0.935937 0.933594 0.071875 0.132812
2 0.861328 0.949219 0.082031 0.098437
2 0.216406 0.953516 0.079687 0.091406
2 0.090625 0.957031 0.053125 0.082812
2 0.778906 0.964844 0.082812 0.067187
2 0.693750 0.972266 0.096875 0.053906
2 0.552734 0.980469 0.046094 0.039062
2 0.141016 0.980469 0.066406 0.039062
2 0.607031 0.984375 0.064062 0.031250
1 0.268750 0.311328 0.087500 0.360156
1 0.348047 0.323437 0.092969 0.337500
1 0.198828 0.387500 0.091406 0.340625
2 0.759766 0.390234 0.088281 0.361719
1 0.437500 0.398828 0.090625 0.332031
2 0.846484 0.425391 0.092969 0.353906
2 0.687891 0.450391 0.082031 0.341406
1 0.138281 0.468750 0.092188 0.362500
2 0.620313 0.518359 0.093750 0.386719
1 0.918359 0.562500 0.102344 0.365625
1 0.479687 0.575391 0.031250 0.282031
1 0.107031 0.687109 0.104688 0.305469
1 0.566797 0.737109 0.105469 0.327344
1 0.968750 0.747656 0.062500 0.285938
