2 0.055469 0.673438 0.110937 0.325000
1 0.188281 0.685937 0.132812 0.365625
1 0.323828 0.686719 0.128906 0.379688
1 0.617188 0.313281 0.190625 0.370312
2 0.428906 0.317188 0.189062 0.365625
2 0.762500 0.344922 0.137500 0.339844
2 0.268359 0.365234 0.136719 0.327344
2 0.887891 0.375391 0.125781 0.347656
2 0.132031 0.407813 0.145313 0.359375
2 0.031641 0.460547 0.063281 0.142969
2 0.937500 0.657813 0.125000 0.321875
1 0.705859 0.663672 0.130469 0.361719
1 0.457422 0.666016 0.111719 0.285156
2 0.840625 0.671094 0.140625 0.389062
1 0.578125 0.670312 0.118750 0.306250
