2 0.470313 0.550000 0.056250 0.071875
2 0.392969 0.421484 0.060937 0.164844
2 0.742188 0.421875 0.028125 0.100000
2 0.315234 0.420703 0.036719 0.141406
2 0.609766 0.424609 0.066406 0.161719
2 0.454688 0.429688 0.096875 0.168750
2 0.694922 0.425000 0.042969 0.128125
2 0.657422 0.426953 0.052344 0.153906
2 0.541016 0.427734 0.097656 0.177344
2 0.348828 0.430469 0.044531 0.151562
2 0.714844 0.436719 0.029687 0.107813
2 0.351562 0.509766 0.034375 0.057031
2 0.675000 0.511719 0.037500 0.026562
2 0.651953 0.525391 0.044531 0.044531
2 0.390625 0.522656 0.040625 0.060937
2 0.609375 0.531250 0.043750 0.056250
2 0.425781 0.536719 0.054688 0.067187
2 0.572656 0.535156 0.051562 0.073438
2 0.525781 0.539453 0.064062 0.085156
