1 0.705859 0.353125 0.111719 0.209375
1 0.571484 0.353516 0.149219 0.172656
1 0.944922 0.358984 0.092969 0.233594
1 0.848437 0.363281 0.128125 0.229687
1 0.378125 0.364844 0.159375 0.182812
1 0.235547 0.392578 0.111719 0.203906
1 0.106641 0.437109 0.135156 0.221094
1 0.900391 0.518359 0.113281 0.224219
2 0.514844 0.523828 0.114062 0.247656
2 0.400000 0.528906 0.112500 0.257812
2 0.770703 0.538281 0.141406 0.192188
2 0.637109 0.539453 0.117969 0.241406
1 0.268750 0.550000 0.118750 0.300000
2 0.142187 0.568359 0.134375 0.214844
1 0.032813 0.576562 0.065625 0.281250
