2 0.762500 0.657422 0.093750 0.299219
2 0.116797 0.355859 0.071094 0.177344
2 0.194141 0.360156 0.088281 0.207813
2 0.295312 0.370312 0.131250 0.231250
2 0.445312 0.372656 0.175000 0.276562
2 0.619531 0.375000 0.167187 0.281250
2 0.765625 0.389062 0.112500 0.237500
2 0.841016 0.392969 0.053906 0.239063
2 0.887891 0.407813 0.041406 0.200000
2 0.083203 0.528125 0.060156 0.203125
2 0.133984 0.535937 0.092969 0.203125
2 0.889844 0.581250 0.020313 0.128125
2 0.869531 0.584766 0.026562 0.147656
2 0.832031 0.608594 0.048438 0.198437
2 0.210938 0.610156 0.112500 0.317188
2 0.328516 0.614453 0.125781 0.266406
2 0.450391 0.631641 0.116406 0.263281
2 0.661328 0.634766 0.097656 0.263281
2 0.562500 0.644531 0.112500 0.282813
