2 0.424219 0.599219 0.023438 0.079687
2 0.665625 0.605469 0.053125 0.079687
2 0.708984 0.620703 0.033594 0.038281
2 0.400000 0.619141 0.021875 0.047656
1 0.486328 0.462891 0.050781 0.069531
1 0.537891 0.468359 0.060156 0.092969
1 0.580078 0.480469 0.057031 0.079687
1 0.446875 0.488672 0.031250 0.071094
2 0.642969 0.488672 0.054688 0.108594
2 0.403125 0.519141 0.050000 0.110156
1 0.724609 0.546094 0.083594 0.104688
2 0.487109 0.570312 0.036719 0.081250
2 0.564844 0.575000 0.051562 0.078125
2 0.522266 0.576172 0.028906 0.080469
2 0.453516 0.583203 0.028906 0.094531
2 0.616016 0.585547 0.047656 0.086719
