2 0.652734 0.564844 0.089844 0.210938
2 0.367969 0.573047 0.079687 0.183594
2 0.560156 0.602344 0.117188 0.220312
2 0.450391 0.610938 0.122656 0.206250
2 0.669141 0.648828 0.088281 0.063281
2 0.337500 0.655078 0.062500 0.085156
2 0.390234 0.695703 0.083594 0.078906
2 0.610547 0.705859 0.092969 0.077344
2 0.469922 0.715234 0.089844 0.052344
2 0.533203 0.719922 0.069531 0.083594
2 0.201172 0.467578 0.046094 0.138281
2 0.782813 0.485547 0.065625 0.152344
2 0.246484 0.506641 0.055469 0.160156
2 0.726562 0.535937 0.084375 0.187500
2 0.298828 0.541406 0.072656 0.198437
