1 0.952344 0.576953 0.082812 0.182031
1 0.047266 0.605078 0.066406 0.135156
1 0.099609 0.624219 0.083594 0.139063
1 0.149609 0.629687 0.080469 0.159375
1 0.898047 0.637109 0.089844 0.164844
1 0.831250 0.640625 0.087500 0.193750
1 0.191797 0.657031 0.102344 0.239063
1 0.784766 0.656250 0.097656 0.246875
2 0.518359 0.674609 0.083594 0.261719
2 0.345313 0.678906 0.093750 0.235937
2 0.711328 0.685156 0.088281 0.317188
2 0.435937 0.688281 0.075000 0.232813
1 0.248047 0.689844 0.099219 0.304688
1 0.618359 0.697656 0.105469 0.295312
1 0.678906 0.301563 0.098437 0.290625
1 0.778125 0.311328 0.090625 0.310156
1 0.412109 0.312500 0.146094 0.290625
1 0.292187 0.312500 0.096875 0.265625
1 0.987500 0.320312 0.025000 0.178125
1 0.559375 0.326172 0.153125 0.292969
1 0.200781 0.326172 0.085938 0.271094
1 0.841406 0.345313 0.073438 0.250000
1 0.897266 0.352344 0.069531 0.229687
1 0.945703 0.349609 0.057031 0.180469
1 0.139844 0.371094 0.067187 0.232813
1 0.094531 0.379297 0.057813 0.202344
1 0.047656 0.379688 0.060937 0.181250
2 0.045703 0.503906 0.078906 0.092188
